	B	CAF	Cycling_B	Cycling_CAF	Cycling_Endothelial	Cycling_TAM_PGAM5_detected_other_state	Cycling_TAM_PGAM5_undetected_candidate_state	Cycling_TAM_PGAM5_undetected_other_state	Cycling_T_NK	Cycling_Tumor_hepatocyte	DC_enriched	Endothelial	Mast	Mixed_APC	Monocyte_enriched	Plasma	TAM_PGAM5_detected_candidate_state	TAM_PGAM5_detected_other_state	TAM_PGAM5_undetected_candidate_state	TAM_PGAM5_undetected_other_state	T_NK	Tumor_hepatocyte	Unknown_other	pDC	NuisancePrototype::B::0	NuisancePrototype::B::1	NuisancePrototype::B::2	NuisancePrototype::CAF::0	NuisancePrototype::CAF::1	NuisancePrototype::CAF::2	NuisancePrototype::Cycling_TAM_PGAM5_undetected::0	NuisancePrototype::Cycling_TAM_PGAM5_undetected::1	NuisancePrototype::Cycling_T_NK::0	NuisancePrototype::Cycling_T_NK::1	NuisancePrototype::Cycling_T_NK::2	NuisancePrototype::Cycling_Tumor_hepatocyte::0	NuisancePrototype::Cycling_Tumor_hepatocyte::1	NuisancePrototype::Cycling_Tumor_hepatocyte::2	NuisancePrototype::DC_enriched::0	NuisancePrototype::DC_enriched::2	NuisancePrototype::Endothelial::0	NuisancePrototype::Endothelial::1	NuisancePrototype::Endothelial::2	NuisancePrototype::Mixed_APC::0	NuisancePrototype::Mixed_APC::1	NuisancePrototype::Mixed_APC::2	NuisancePrototype::Monocyte_enriched::0	NuisancePrototype::Monocyte_enriched::1	NuisancePrototype::TAM_PGAM5_undetected::0	NuisancePrototype::TAM_PGAM5_undetected::1	NuisancePrototype::TAM_PGAM5_undetected::2	NuisancePrototype::T_NK::0	NuisancePrototype::T_NK::1	NuisancePrototype::T_NK::2	NuisancePrototype::Tumor_hepatocyte::0	NuisancePrototype::Tumor_hepatocyte::2	NuisancePrototype::Unknown_other::0	NuisancePrototype::Unknown_other::1	NuisancePrototype::Unknown_other::2
AAMDC	0.12294641	0.7450984	0.15764603	0.5581673	1.2721918	0.27413973	0.24612303	0.39804095	0.3502002	0.596351	0.16175866	0.74620265	0.050377827	0.09834777	0.29348648	0.049624335	0.49578977	0.28996092	0.47767466	0.35012865	0.14631486	0.49686494	0.28000957	0.07604113	0.22431448966455075	0.07890718557915895	0.06825422869955457	0.7787726204399088	0.6982951410826572	0.7633707872627539	0.3674336787518627	0.48495769004664674	0.2989053812250318	0.43493325280273637	0.1403400214670516	0.8469726123618533	0.4119332034512315	0.2656206848586134	0.20021390857427748	0.10270476218142296	0.41807549303316865	0.6588525865115794	0.9734045865956007	0.11754405274863741	0.11914777391806283	0.16806607673737295	0.18506540718169326	0.10975760281345673	0.2647677431142538	0.3841524993011229	0.3393686450556674	0.02681530032839094	0.18489012903561297	0.10670670557761781	0.627539538500719	0.43786084964516947	0.2797952277382998	0.35194758773642254	0.08890230788841966
AATF	0.330392	0.26236078	0.41012862	0.14391918	0.2980082	0.39646408	0.08833105	0.34816676	0.6408479	0.77343607	0.29423478	0.21489882	0.33211058	0.6167999	0.34957516	0.21772179	0.32837376	0.35530737	0.22326234	0.27354687	0.4685959	0.33764443	1.693354	0.38415056	0.19860912247950385	0.3071363318806195	0.56755838759043	0.35010287983461646	0.2975347257447662	0.2993174912492838	0.4219468059872253	0.2804863819431593	0.649228572519331	0.5059668548096897	0.6162899157033638	0.38526692918293387	0.6170141878537335	0.4916756235319993	0.23434099712617085	0.3129971781881888	0.19874107139925457	0.2983955555089946	0.21090076775691036	0.5482624530118247	0.2673289590278039	0.3883269695838434	0.3409074639810218	0.5037404498860529	0.27615836481946393	0.26849735361618315	0.2948995815032415	0.7489881930413185	0.41187431082570336	0.5982074135528024	0.3318570263087103	0.44763030044170987	0.29278901872012314	0.34487376044259327	6.17561296697414
ABCA1	0.1367378	0.27256286	0.07282708	0.119931675	0.10401386	1.3555691	0.46060315	1.021849	0.041335724	0.26621175	0.49940178	0.42015517	0.2242255	0.40430844	0.38384992	0.104152426	1.5144484	1.740408	1.2610544	1.8698933	0.080021545	0.44484887	0.21015994	0.0493486	0.1719907395526485	0.11915934255398154	0.09647480386977532	0.14364746751749674	0.37049227346803626	0.23415682536617505	1.4377310045480474	0.8286942949181638	0.014980023948513025	0.06881822667218486	0.07990737343701812	0.15938428130198606	0.1963617336464194	1.271045859576446	0.1612848188140841	0.8965766092276953	0.48382655511834094	0.255775992244034	0.15820850796871005	0.11497862393703628	0.3729751741214739	1.0902193873080221	0.5331950939514201	0.1283753047180387	2.0592495735217673	1.1783058998873366	2.6808340103334545	0.008265282426561629	0.09797486850866445	0.07216365512188569	0.39508549909871876	0.12080913353398813	0.40773330970201604	0.1584129442868118	0.0
ABCB8	0.106135674	0.11094549	0.09252423	0.09143591	0.1050193	0.13341036	1.1579075	0.12305753	0.18095775	0.14433782	0.060456377	0.11370904	0.5712302	0.08064054	0.07179031	0.058635972	0.024380907	0.09938108	0.053913467	0.10623294	0.11711343	0.1771259	0.10824947	0.13872841	0.07621997097611904	0.10513436516143908	0.23238217487853877	0.08305553904429804	0.18773148552078886	0.10496241868346672	0.14638652463330926	0.13576051255784877	0.20498044655123224	0.13633491404104006	0.15951753394312515	0.1656041166742842	0.20040788436395912	0.13559099371210107	0.05031193624245988	0.08783058581665032	0.07810472266828375	0.18141535399650333	0.06701397410738288	0.08073486029047718	0.07467315662338912	0.17482625692245585	0.08769614144768577	0.05796085046906361	0.10040210040090465	0.09764866900167592	0.09794952241913127	0.09509444221273645	0.09311637607874348	0.17372049105416856	0.1598311815683472	0.14132440847989608	0.10313521101480477	0.1013735366877948	0.24559625187689454
ABHD5	0.16488636	0.28342587	0.123474196	0.26266086	0.37997347	0.23785786	0.1959349	0.26169413	0.2134085	0.15317391	0.24136119	0.3229941	0.017889377	0.33615327	0.8573674	0.16600285	0.1546871	0.40838575	0.40979037	0.40399107	0.23757653	0.25651318	0.39355773	0.0110631175	0.07106799439679691	0.25197250161063217	0.22342715875150812	0.24555824264031334	0.4311024702809876	0.20010749271932646	0.16587879678580786	0.2196274608758625	0.20733336316472678	0.1829071460360802	0.343325591787936	0.18983071057479378	0.2701753909059801	0.18982613386191757	0.10454444161066474	0.7481150010690193	0.5019177882802548	0.42520491413157546	0.27932928317780303	0.09842835789193072	0.4146950993420108	0.5398265545098794	0.7729413072287805	0.6972401107620939	0.36358720278585815	0.30114108480185686	0.8765226857922115	0.05291237490517753	0.27770054381474857	0.23652289289218023	0.21126189455643649	0.14605562385685836	0.9656586513914527	0.11507322291801757	0.13538864712512216
AC023590.1	0.1104307	0.0421003	0.0065067313	0.0026592815	0.0046747127	0.016581142	0.010900668	0.013907048	0.016283382	0.0052478686	0.035330266	0.017733768	0.0	0.018339097	0.10762771	0.1262427	0.006014068	0.031485338	0.015049408	0.028409835	0.023641583	0.0103486385	0.013186971	2.5835676	0.08866088827136924	0.0758107482322	0.05327973582602193	0.024146077366255677	0.0	0.020454769781667256	0.01803231862423712	0.034701845222137324	0.0	0.03857348842434948	0.029789514266527612	0.012728194897178972	0.011946092361270097	0.0054772313152040755	0.04375648858920633	0.03295533147750495	0.03977175757410956	0.0	0.03424522255551243	0.010547545943813685	0.03616077211111366	0.034824288031995505	0.026398788033476027	0.0	0.024451148014810006	0.02763426897385594	0.020613367715077595	0.014730577809470041	0.031052481001586252	0.0004413421778725501	0.017716040994909955	5.447590884603101e-05	0.052231191132323544	0.02397460825690572	0.0011379709807775354
ACAN	0.00056308287	0.2834923	0.0	1.3684727	0.038252722	0.00014626363	0.0	0.0	0.0003381699	3.9286828e-05	0.0023444716	0.0059274416	0.0	0.0	0.0	0.0	0.0	0.0	0.00010920011	0.00026976908	0.0011034679	0.00052129664	0.023873867	0.0	0.0005103287846423512	0.0023185200535122807	0.0	0.06734787727275642	0.4279025821670415	0.022918864157547764	0.0	0.0	0.0002495870299358827	0.0007268844887062357	0.0	0.0	0.00016369511429061237	0.0	0.00949511075238312	0.0	0.0004595018510912626	0.021599358577666615	0.0014515127832572846	0.0	0.0	0.0	0.0	0.0	0.0004544649876842055	0.0002900807843951325	0.0	0.0	0.0019205417188255505	0.0	0.0003263534323603617	0.000929955961037369	0.01018303440413835	0.0042146938637674285	0.015225914849175346
ACAP1	0.91659	0.13885362	0.8723501	0.031020435	0.12853512	0.08148654	0.31452733	0.10239832	1.3040545	0.07793163	0.23072778	0.058765676	0.36105496	0.2819706	0.26535177	0.5927607	0.14154276	0.09686163	0.05452951	0.08116479	2.0677114	0.053116	0.9176173	0.5454316	0.541812458410879	1.4058466501583977	1.220002769002023	0.07504882853677863	0.04441447740678094	0.06015210891693073	0.09043512360967669	0.10885374770202276	1.5644539157814636	1.0655527419677389	1.56208440313355	0.04950327719609996	0.04319752442737132	0.04339599527161697	0.36393386876721323	0.23258823445259225	0.07837761287340007	0.07613953335798739	0.06248006117381016	0.39441952578316475	0.25442653828649264	0.4444263416137112	0.2702090930445203	0.41622825912454153	0.04894248192804241	0.08093889572820916	0.12392662169936691	1.1462882549731763	2.0950743117167074	2.283254522583164	0.07720281941382698	0.037648733055731326	1.61880507099696	0.4671874510172585	1.292543077573775
ACCS	0.029023528	0.04280175	0.048615113	0.010819969	0.06924161	0.05698489	0.009667948	0.052964646	0.02254677	0.01067613	0.10898832	0.09939805	0.042206097	0.068017036	0.030776171	0.13619024	0.0050293715	0.087538086	0.30035108	0.07489257	0.033058275	0.028557044	0.02630291	0.116058156	0.014304248557183603	0.04856763712533702	0.03725823924830872	0.03190427222519329	0.07084608064996004	0.062022980742448636	0.0825869619836534	0.020659382768170323	0.04176441335274799	0.012975202707938496	0.009489538768927256	0.01713357528063714	0.019600111062727847	0.0015853705077335752	0.05631247165475116	0.058520115253121896	0.16674408924478482	0.15658145662143308	0.05491435661124182	0.08983348164550845	0.053653587199495034	0.09391369786762985	0.033807759754102856	0.03842307899958555	0.10167599262663832	0.05302417058559036	0.04866200363585842	0.0	0.039755996709848106	0.036209714930095414	0.035771852859228216	0.01682575346453226	0.05113276463909862	0.02910330212513946	0.0025722843477095675
ACP2	0.07164099	0.22851725	0.34618562	0.23833413	0.18351384	0.7868398	0.29119772	0.5935742	0.11946352	0.18723409	0.19692822	0.22577126	0.064070195	0.15675098	0.26504514	0.161113	0.48952162	1.047272	0.57212377	0.7698797	0.101150945	0.30473536	0.12487434	0.0010183813	0.10744105203851405	0.034317268254325725	0.12119895920055897	0.1953283165064818	0.32326276908305307	0.2369764357069662	0.7181579023539585	0.737445955159965	0.10148804139127814	0.14699525756548754	0.07399408284343735	0.2826679655694533	0.3761162028344139	0.48439930225240774	0.1936350867408449	0.13889322741637852	0.1877999589510421	0.31815288886168036	0.22358227579109854	0.09324819202397949	0.13161470083411836	0.2520473697997556	0.37777118854901914	0.15882555935131923	0.7647339652327729	0.6544726294195576	0.8964904078495525	0.19634504782689083	0.10014545860409643	0.10113663847203035	0.3209413579750397	0.3142913481943703	0.10629240478830339	0.18474427053747852	0.03971834709670543
ADAM28	1.0539474	0.006030727	0.0671018	0.0	0.0047382605	0.23064451	0.8997504	0.2574675	0.02362682	0.05470388	0.54769194	0.01867427	0.008317618	0.5044336	0.1558582	0.14340281	0.26177138	0.19363041	0.53407925	0.24036038	0.047113042	0.020713862	0.107135616	0.017306816	0.44974926129653503	1.6820067497011344	0.8749005852579318	0.002955319857688909	0.006020627987236634	0.0034920719541978932	0.4437979150883834	0.2799090767443713	0.02090894791618852	0.034843111955005356	0.02974751056581779	0.006304306889693847	0.004761234359869702	0.002798652597542467	0.5002725699906978	0.3247876750918179	0.007658287782002227	0.014830516883649104	0.024482829492299484	0.41195369833150725	0.46952893032767506	0.6494758162780765	0.1659155879167279	0.12340392106913098	0.2564441830160085	0.2713765083527845	0.22898917267550453	0.08808666235440737	0.05720354222680082	0.015690833465084736	0.025674928261422043	0.008671400470164247	0.12252431179597299	0.14442121487406778	0.0
ADAM9	0.043120675	0.3566858	0.32085878	0.41430104	0.40578586	1.3548568	0.55550516	0.73715335	0.04723131	0.16744943	0.18119437	0.40502596	0.036834277	0.22856611	0.37701765	0.12986422	0.43129584	1.0000532	0.6266526	0.8104822	0.033516742	0.15967615	0.23042345	0.031706143	0.06972350749695706	0.022821578782140656	0.011821706186641348	0.3164076013110171	0.4831408381343964	0.36753947836060213	1.1637202941064135	0.4473275018129553	0.022522400208177	0.05961310249859059	0.07812770993549235	0.12004134645635978	0.20990166976497462	0.3470857836342798	0.17884694565733264	0.3806129358627725	0.7128684158463798	0.29678301747473684	0.2815986073263266	0.17311600385210169	0.25743413480497557	0.28284703828610774	0.2163462753927646	0.3149256573776319	1.0837543446088311	0.5266540263886932	0.8111767090613339	0.0	0.043715992492561646	0.013000729780116089	0.21789323299094293	0.08068154915575612	0.20803520994344216	0.20626196398249264	0.5085396561437763
ADAMTS2	0.0058325557	0.55641836	0.0	0.19207114	0.019032087	0.0011330263	0.0	0.13473739	0.0009565409	0.0042437487	0.010123459	0.01695624	0.0	0.0022402206	0.022012467	0.0014469601	0.011145215	0.015645754	0.007334806	0.023821672	0.001796818	0.01034756	0.068766855	0.0	0.027735083935154288	3.987569348934961e-05	0.0	0.2556304996542717	0.7995147791535727	0.29871258387429467	0.055168457680727596	0.00810845652731485	0.0007078533012685079	0.002053983501427704	0.0	0.006263400687094982	0.01914533044040911	0.0017611754351648792	0.0004063560574684502	0.005907939514513216	0.013832870894922774	0.031366989387361106	0.019196704440824004	0.0022483147809960248	0.00402395329488843	0.004387180926063643	0.010151640783439272	0.008707081448181182	0.024017023121275342	0.012228027720532528	0.037757369129154145	0.0	0.0026356126534196334	0.0005008013131183046	0.014332543765299787	0.009740867677713786	0.10531507488901248	0.012562902998146998	0.0
ADH1A	0.091603905	0.07637756	0.14512359	0.14563902	0.043088086	0.1979923	0.28202173	0.10728023	0.13881487	0.96024257	0.099311434	0.08139813	0.10609826	0.048816644	0.15257764	0.096646436	0.13403025	0.091474816	0.08236261	0.10483481	0.18997152	2.1570504	0.42755723	0.0	0.09547769340652026	0.06417503167083785	0.007884843782945112	0.012179133551368024	0.028591173298723654	0.3274527079385253	0.09012719356230438	0.2670723521465566	0.07581520902942013	0.2789817963363693	0.010437274596615025	0.8784083917052158	0.08467329831541995	0.8212214042400492	0.14063537174295596	0.014240661909632519	0.01176581704655871	0.04427805152357724	0.19095131977759938	0.1297312545970178	0.011653493100826138	0.0062384622498652415	0.0032019872756148633	0.18927611728793822	0.14134987563368237	0.12462502977279016	0.002395064882219597	0.14674353738883872	0.21098822667704148	0.004795639345466103	1.1185324248238462	4.265368640376072	0.03892477686203663	0.9608545437926255	0.0
ADH1B	0.54270756	0.95782214	0.51759434	0.40076247	0.12991348	0.45243612	1.2399992	0.33994356	0.5365049	4.0092897	0.17000423	0.25107816	0.13398317	0.1607572	0.24914864	0.46095324	0.4905314	0.30892056	0.28103036	0.30608118	0.616907	9.0317745	1.4331498	0.09981625	0.3504788274157629	0.1182701111805872	0.02622453211352876	0.5908942983765345	1.5235006432371123	1.2300422172893142	0.454033755538514	0.4718049754897555	0.318085949543131	0.8888018036610849	0.011157097561018807	2.7744367628375666	0.10275833083652207	0.4560704846687505	0.31581324382736425	0.014718606276034428	0.024056643525329057	0.15406777481610512	0.5494881223264453	0.42933636727360375	0.07211545641547353	0.059808199613167426	0.040986938725794723	0.7296929312668918	0.3852473573841049	0.39279508028766763	0.0031305488813854086	0.9288038699657887	0.6349562446831234	0.013283731779582924	3.787785246728258	18.471432351627175	0.2959070870258519	2.7982036741205283	0.0
ADIRF	0.08054975	15.816165	0.24553357	8.283071	2.6334422	0.10793386	0.35058135	0.22952053	0.22401468	0.7720893	0.036692645	3.2292237	0.47679412	0.14838223	0.10696078	0.07587285	0.087727875	0.08629367	0.10980773	0.124446906	0.12222475	1.0249144	1.7361807	0.067218766	0.058087727416978964	0.08087844052436576	0.0	24.87413797823597	15.496809419532076	11.084070929172265	0.1290880349782024	0.3010331943059873	0.05692116192795451	0.5002754132083201	0.004155502118895539	2.5387998752139778	0.2510210591429336	0.8837390899658203	0.10758672513042215	0.026394615578670715	1.4645735119046623	3.6074771354368407	4.8327543247459674	0.14084419931736522	0.4034638442994778	0.01880069816639469	0.14957991780360372	0.11844221706949194	0.08406084663028286	0.2541439368088814	0.04674815891757594	0.05099231004714966	0.17404188839423573	0.007088849960117595	1.3022263721983125	0.13902075642867914	2.111757842454808	2.257659158698571	0.0
ADORA3	0.0026555131	0.005226789	0.16996925	0.0031200645	0.018761612	0.61731076	0.1143737	0.2843442	0.009166196	0.0022379947	0.103439845	0.019788872	0.33247495	0.1389698	0.041422382	0.0071518654	0.1664779	0.32823926	0.3737147	0.35590437	0.0114129335	0.0039844336	0.015785532	0.0	0.007166944219252716	0.0014854286456930225	0.0	0.0023912632821637128	0.009952189848883469	0.00661457012079235	0.39661440067898507	0.6502839269893319	0.0043161408509343815	0.018879678260544798	0.005265729767935616	0.0022994042333815677	0.004627051697192638	0.007921731163715494	0.07339734958649845	0.053165649627817925	0.014278824019805668	0.018191608312612566	0.010217318510318162	0.20221949573562437	0.1317393194992448	0.07776820473211135	0.052151245082139384	0.08917765673002304	0.4115934779380593	0.40971011122711765	0.17180901259312606	0.0	0.016541471738320587	0.0011875812146175998	0.005106238381519624	0.0032065877821293417	0.010409626979369872	0.028487590232752418	0.0
AGXT	0.33528003	0.36769572	0.6480366	0.11559033	0.22689468	0.71749765	0.78336537	0.422884	0.6293596	2.4548619	0.3818471	0.34435755	0.5448204	0.20135008	0.265091	0.36201134	0.7677782	0.53218526	0.31645828	0.3895586	0.8085128	4.8429666	1.6074617	0.19911252	0.9135154931997096	0.08954467256227411	0.0	0.07564405211944118	0.0	0.3379284901975014	0.4624774100340964	0.6733396130754405	0.21768228696442982	0.9709691127956129	0.03979925121805912	4.49766363654324	0.23543685126364516	2.6655368109641993	0.5077500139152742	0.03524515351588842	0.07295927710476344	0.006782285533509813	0.266000088068378	0.43441581383093575	0.212989631043549	0.010675639535832613	0.08811175955364259	0.4919031527111972	0.5225152461231999	0.42912090847879	0.00711553798129346	0.31960753713335316	1.0713203819145025	0.00294130899078918	5.407250974457722	2.168967261943433	0.43892497638987915	3.0250648490444907	0.0
AK9	0.07481772	0.06023125	0.013950132	0.0072294245	0.09909668	0.025669914	0.0	0.03831429	0.062479686	0.073317364	0.04089359	0.107597746	0.104486614	0.052134324	0.06031049	0.5901098	0.019907495	0.016728712	0.03727621	0.035098307	0.11616458	0.0420583	0.08658325	0.06346038	0.06928700554365484	0.18513310944617928	0.031702396878327405	0.07179895720327865	0.03059350241743347	0.12507220574634562	0.058033015508083555	0.030307688476666324	0.07700565679822423	0.03489070734312818	0.10260713848606988	0.0936440921616291	0.06079072847551711	0.2838994698865073	0.06877202954351916	0.03277545313693324	0.11832404508637294	0.09789522435306491	0.1180422075173726	0.047267772205630665	0.07548698323365174	0.01655310739932036	0.03461167032302924	0.07836557710387398	0.04780685719982389	0.04061039917978158	0.016467407051740258	0.23107786674004097	0.09078222172047061	0.07654529419306028	0.0475540694260818	0.04799386200940111	0.0908627729873489	0.05291195434885431	0.011155733885588468
AMY2B	0.015646026	0.019363264	0.0066328654	0.0006286891	0.011245407	0.007842405	0.022496609	0.034988172	0.010013868	0.045254488	0.061219532	0.015067615	0.0063888505	0.037128385	0.03375958	0.017851131	0.3396603	0.048226025	0.03166864	0.04978529	0.01830672	0.05679869	0.025293723	0.0005818782	0.03006649843933973	0.01867911296149192	0.014472313801740943	0.01045298202785583	0.024829262048463262	0.018474088758277513	0.08285209105433705	0.017850062748879267	0.018130565729927262	0.00788988743048993	0.004155502118895539	0.038917440829044796	0.0033947499288633108	0.031266610963003975	0.027026419697875552	0.01829742445740275	0.02015390680844785	0.021873379832795373	0.019809140234982914	0.07733314941152121	0.01873733831281456	0.054958519339611066	0.004246996448916509	0.17223071420288757	0.07969025893829917	0.03278491519314533	0.021689266182176335	0.020977553299495147	0.023560345064024702	0.011622618780106777	0.025214461634795862	0.11901518953155622	0.013160050707605791	0.03551497722902341	0.0
ANAPC1	0.08178357	0.06601378	0.12700748	0.1499673	0.12471074	0.07483163	0.073348165	0.0779327	0.15627775	0.11131342	0.081017025	0.14520422	0.009039352	0.09658024	0.045835458	0.03490279	0.032245003	0.09985858	0.052455664	0.07431563	0.18527511	0.08719666	0.8278186	0.039122764	0.05979450761823775	0.14091690212753724	0.09991083449234643	0.08174054948158763	0.11101751488610415	0.06259418849695118	0.09512534795866374	0.05911449625940246	0.208945337320734	0.13699206446763637	0.2544000958108783	0.0897453131496219	0.17608001541999418	0.22363004778406304	0.08092051931844649	0.10467134969672626	0.18593383531901347	0.1892607130470631	0.12209277405247064	0.1410389212075532	0.08423782812135533	0.1477690278575385	0.057451786341162214	0.038525585446859315	0.08685452588869283	0.06668195310929978	0.08735794861395821	0.3069260844936619	0.16816565822112342	0.17344013975394262	0.0945516293555351	0.1060180196853533	0.11505521385352824	0.09757972188123884	1.6669578467569337
ANKRD36	0.18274342	0.08630881	0.19533321	0.8988786	0.19612396	0.08891002	0.04785646	0.140726	0.35556346	0.28329635	0.055336926	0.24191967	0.13803384	0.0690542	0.040840875	0.21993679	0.0368968	0.076837	0.05213303	0.077656545	0.2522351	0.053122867	0.3249688	0.30557263	0.21531719418491174	0.1403597145136875	0.2741783851700737	0.10482511334417167	0.10066232144948133	0.0562458058446887	0.23532604051244427	0.045432055214040264	0.3048923601160233	0.19703829260896755	0.6818743878030875	0.050362914879164784	0.043411996277412	0.1963816361474286	0.04579616976104168	0.10014987168044272	0.28927347039522355	0.2459143241874353	0.19351175296791628	0.08156258434211205	0.07035014697988781	0.11573180699279825	0.0391901609198199	0.08824137502161658	0.1269765153341436	0.042271544118416264	0.04424178100412876	0.28683970717640667	0.28095001067581044	0.19246591207490268	0.054980857648468516	0.031709152148917015	0.20651285649450732	0.07927377756185325	0.4826382883314158
ANKRD37	0.96511775	0.33810118	0.2851382	0.33476487	0.26471004	0.35272732	0.4898409	0.3264625	0.47609076	0.11150272	0.37908044	0.27695367	0.33469868	0.57637453	0.66696286	1.8911564	0.6737716	0.34526435	0.7098285	0.48925442	0.6629779	0.2075944	0.56417274	0.43453726	0.7021792565087311	0.9270830963179028	1.0344179774856928	0.3116555265164323	0.4388581215160826	0.4329038722881022	0.26096135918192265	0.5435785444826996	0.29453125265021035	0.39072006776286483	1.1667506972751631	0.1721650658267797	0.23387093095690686	0.07668949594638617	0.2598566577483533	0.940002553481364	0.41623678639120165	0.3616194695056125	0.24672736696408845	0.28959588658403845	1.014888452509313	0.6825827273294018	0.8290690753058054	0.09557420472920525	0.43535340832274577	0.45436635052466734	0.9293012749822569	0.2021752388446362	0.7989928575996156	0.40109144753300785	0.23561963510631095	0.23364502793033443	0.8600040673269838	0.6361668645008239	0.15280272878017354
AP5M1	0.14987811	0.18755965	0.1332981	0.16193451	0.27052486	0.20030193	0.07733442	0.16870277	0.18428445	0.85555315	0.14484282	0.21036613	0.34935406	0.116238445	0.13253605	0.1319506	0.13221161	0.18046424	0.24174385	0.16919124	0.201365	0.15949285	0.22126606	0.19594516	0.1766447549473964	0.24334134758995063	0.14624746743210865	0.19264835192313703	0.19105568298317807	0.1367723552389523	0.2415252877607839	0.14482484807735369	0.21473885030444662	0.1695835974995612	0.22713247100460981	0.1542937795924702	0.11678760276102924	0.18473348852448862	0.14690225574548513	0.13021816747407897	0.2618056029401214	0.19221934002397037	0.23309246133792902	0.16981847375166162	0.15723372768813787	0.14633218737193393	0.14104144684201866	0.23220509747242513	0.19755398085652906	0.13223243361899464	0.13112061304457154	0.3152799720888014	0.20330235930522084	0.2035626350734835	0.15946361696983133	0.1645507069151909	0.17402205763758993	0.155610344018665	0.3931706696254422
APCS	0.18700898	0.3176544	0.14687389	0.097204275	0.08990827	0.64243567	0.6099927	0.26399595	0.54384935	2.2719567	0.35995612	0.16297825	0.6885079	0.2729792	0.23639613	0.7479898	0.45255384	0.29594553	0.36374807	0.31928283	0.6178144	5.773239	2.000376	0.0009092721	0.15809952317168516	0.31973225344562356	0.0	0.11235281951059406	0.06428603898706842	0.373784789034229	0.47824121936813335	0.24560469948754762	0.31178314162939474	0.49457456790900417	0.0038170970119206257	3.1656934122239613	2.3722409762737455	2.057935528684719	0.468524894051458	0.013640227370340355	0.01776024136600997	0.11233342274326666	0.15095365393492888	0.29821339913154465	0.0806582706179608	0.04055622912551239	0.06932035458722013	0.35772535774274294	0.5722832903460603	0.20411030905929112	0.052936249810478106	0.45931157198819245	0.8199439827646584	0.021223960368347203	5.114213426977053	6.580565258743743	0.23258282363263164	4.267451999129466	0.025754940894342236
APEH	0.20923206	0.3258054	0.39916462	0.25530383	0.16976514	0.31852442	0.23993099	0.35534936	0.3653235	0.3647843	0.2148934	0.15374501	0.47264224	0.16633849	0.2050712	0.1885275	0.84111303	0.22960484	0.17757888	0.28662688	0.2568353	0.38715205	0.38102192	0.077430464	0.14771580270902007	0.12537460519439597	0.4235516429136272	0.17334141075184023	0.4109692604585982	0.30786969380566376	0.29222977515226345	0.33395033051187195	0.4352477191478618	0.3342043082974273	0.22692530564395041	0.424984599372907	0.6113131762427841	0.1957496444580003	0.1965410705748811	0.12888825130328505	0.09262146803988623	0.24226346102659704	0.1393425545420496	0.1752708427207944	0.16733361729362628	0.3667644704275048	0.2719654062367837	0.17159503968002898	0.22222387621964293	0.24719802585200112	0.3877451189555531	0.2784643061749347	0.2117853012167164	0.42581934476027694	0.36331690451464255	0.4067327386655572	0.16090543645402697	0.19168701354587403	0.6610167170095438
API5	0.28547704	0.32915732	0.115571804	0.22993784	0.24328098	0.4051997	0.27407512	0.34100637	0.44308338	0.28878382	0.2426632	0.34965494	0.20275384	0.28423	0.3507648	0.13905111	0.2453637	0.30934137	0.24521804	0.28626794	0.3588186	0.2609689	1.0172307	0.38838214	0.15166785785850279	0.23267163478279662	0.4179288543746497	0.32711331602928306	0.2608939074459548	0.25465362849327766	0.4162189343274544	0.19271885982188228	0.5114825019565031	0.3121607041702176	0.4893961571276047	0.19933305256857656	0.4291521226779768	0.3191386995644405	0.30554720181771133	0.24498929950400514	0.30884315575558535	0.575332924960554	0.23751922366006067	0.45746328079300436	0.3253230237472941	0.28180033290171724	0.22478926281804865	0.2974002259406672	0.3367751194574717	0.21688427065072585	0.33928819478318295	0.7272443028239461	0.3283450220856472	0.4154328582164517	0.23262702046082356	0.34043603799031913	0.25054448318281414	0.3072054617784477	4.348817685682458
APLNR	0.003050583	0.35399023	0.0	0.26039878	1.90252	0.0	0.0005321923	0.0026079675	0.027388766	0.04532794	0.0072067305	1.2949791	0.0	0.0019482924	0.010117736	0.012360786	0.00078818604	0.0043203933	0.003532809	0.0066083646	0.0076607754	0.012559727	0.1863274	0.0	0.0033524205273206633	0.010682553129558776	0.0	0.4851767311768986	0.5720215402215519	0.11231932953332331	0.0022674582863618205	0.0026662482944212512	0.008371773489136227	0.06991995698793613	0.0060810486700117366	0.15443280396923223	0.00031999313853238074	0.04669681276593889	0.0051593314926398045	0.011664776935793552	1.4234535514959925	1.5969661578389645	1.288356268673408	0.003581161756773253	0.004966901229797646	0.0013730575106904498	0.012230849769362787	0.01671895259175273	0.0076115426833409236	0.007626710070739863	0.0009430411635913024	0.0	0.011554306954571526	0.0	0.020708592569253673	0.003620862561171997	0.2863230439515128	0.23600824608374202	0.0
APOBEC3A	0.016535673	0.014038478	9.782023e-05	0.00091308187	0.0	0.06745495	0.044013243	0.023723688	0.0067897253	0.0010051809	0.43269956	0.006302895	0.031575188	0.20692128	2.1726813	0.01921846	0.0130480025	0.041192632	0.08346228	0.06688347	0.0072012967	0.008164176	0.14334288	0.0	0.05167520993920795	0.005363731917775773	0.0005755605119647402	0.0005221628290555066	0.0	0.00958181607519037	0.045620112257438325	0.02184618511264174	0.009243919508196493	0.0004646666171407188	0.025771644580495225	0.0004157546696651755	0.003349823393956732	0.0	0.322657016314129	1.123833321484963	0.025750021505541187	0.001485816954848278	0.0014461490179533132	0.221697571457178	0.4414700621708246	0.1030587740761621	1.5660697049994279	4.280904117629376	0.03963571823401572	0.10287028989001869	0.11309264954987164	0.0	0.01042782268918846	0.0025965834108607143	0.009758787083735941	0.008602948291925787	0.20412073988020862	0.03844608286768386	0.0
AQP3	0.6397324	0.08568885	1.1930549	0.06872865	0.061406013	0.05113127	0.0030267292	0.027185688	0.4724435	0.2495695	0.02057176	0.13251567	0.1402222	0.061229356	0.10366142	0.3378864	0.004088388	0.03985267	0.018295001	0.033778965	0.6189483	0.28218865	0.3550985	0.028816106	0.16109729979191229	0.053996532566567015	2.994540406278904	0.030041743784277385	0.0627615996638957	0.050599236301006455	0.02203647841836928	0.03332181798413351	0.6837508843990486	0.19540472840151438	0.2767777214630245	0.09351300367214632	0.1825863291262365	0.33428745798289483	0.02739073432819224	0.03807301684034562	0.10582773432888705	0.214284192257554	0.11088972054448337	0.05411539698285411	0.02352202397490527	0.16406778811041522	0.06916363490371726	0.033727394505081096	0.01746762195576583	0.022592466160105032	0.10195151256285179	0.12743098395211355	0.4649534112605252	1.4785568611198479	0.2762199467408816	0.14819966486716474	0.22205712025377333	0.1174442124679869	1.171136313717253
ARFGEF2	0.1820214	0.11352768	0.14807914	0.16193126	0.23580274	0.20432582	0.17271002	0.26714358	0.14081247	0.45955238	0.17636116	0.24361873	0.23865402	0.7751102	0.13292521	0.15706348	0.08128259	0.15065768	0.13944797	0.2026339	0.15434895	0.41429487	0.22069106	0.054355085	0.13262976942950946	0.19703347508377078	0.19052046838994527	0.06842225610972341	0.12539067419787714	0.03952964689620632	0.3289908135255141	0.11295050064224622	0.16072878873736735	0.07931797994602209	0.2174943621741952	0.13222904817112044	0.152859361488114	0.3975346269278691	0.15989267142984404	0.2749378973893218	0.4027513482088659	0.26853918045617475	0.13618240539931428	0.17612210266958864	0.17082637955176136	0.14569489133365815	0.12532688899531114	0.19164119009656044	0.23205083073217117	0.1426292027303475	0.19095451010525621	0.11299918208803449	0.1209141294322293	0.11215153561163894	0.19873876958787873	0.2300751681043228	0.16741875701760256	0.16842071010830692	0.5429676027588323
ARHGAP22	0.07118541	0.014586113	0.008798174	0.037408177	0.08279235	0.26808375	0.02029176	0.18627182	0.0076793632	0.0043390812	0.5263369	0.036814485	0.0	0.1747595	0.050787788	0.0002458637	0.09178707	0.25834262	0.20270844	0.21835613	0.007761435	0.009018542	0.038333725	0.0	0.0025960269373721517	0.009017026482237005	0.01425511266768593	0.011307457211604947	0.009992933215058659	0.04287609307204291	0.19342724850217788	0.1393331139585063	0.004795262777215662	0.01661569360066525	0.004973180422152362	0.00532841802527291	0.012639768200995894	0.007921731163715494	0.23660505073158597	0.17037018959776518	0.053109007100684495	0.0511498502419014	0.019244698449142558	0.1544476163685428	0.2205125778736333	0.2620508701835032	0.050951454606966005	0.06348940757941263	0.21084159037638128	0.15691134554597677	0.14733467472337955	0.02093451704297747	0.008726223814069829	0.0022774624307615914	0.00933965179427936	0.008234134329677506	0.019470666454626355	0.09360381817348008	0.006936970207141433
ARID3A	0.34337425	0.07409748	0.2734267	0.23621635	0.11083884	0.23743804	0.10469451	0.15524971	0.12283993	0.16562302	0.23251243	0.068008594	0.07172629	0.24693674	0.3461244	0.25335056	0.037745483	0.27956432	0.19769676	0.18839544	0.09096712	0.18193097	0.31717277	2.697897	0.3113360454011748	0.24079013196115087	0.3909784278054789	0.05802906956644016	0.0748213092972437	0.12482483982730858	0.16126663423815257	0.16580839015991233	0.07779156995730604	0.11071385128250193	0.2558554165726322	0.03649295005824611	0.2513733140900208	0.7718163852033944	0.2057520301075102	0.35378765316647026	0.058301217372757654	0.0907642396145112	0.06225717618271505	0.15708199501928222	0.16673678995128924	0.16639716178020167	0.25267131069062565	0.21451916950067024	0.17563494692904033	0.19372279419079877	0.2559343988341686	0.02046077592032296	0.09898798179125812	0.04075638221570463	0.2604633874399901	0.06786660422517489	0.19711863156168088	0.26323625025680997	0.25473025429338686
ARL15	0.037845455	0.13450162	0.0093368925	0.095252834	0.6404793	0.03887362	0.0114966985	0.09526151	0.040085588	0.024966102	0.049173396	1.3419393	0.046819493	0.055905707	0.044377215	0.0072217365	0.054791555	0.07412678	0.06391148	0.101435855	0.0680172	0.06852509	0.15854904	0.0012576603	0.018392782362381434	0.048498846429346945	0.07752371748428727	0.2746962660202267	0.05442080104052328	0.11762909148052518	0.08525986749706276	0.04742643839588989	0.04617167951647826	0.0511501143630212	0.054626747752311	0.0573502967445499	0.05273258051444753	0.049958094235124255	0.10081210581581679	0.07624595768361538	2.1912139133109783	1.3541462725872766	1.032121750428543	0.058862505661234986	0.08389699157410667	0.07218650348351512	0.061545413196845734	0.08116033253695365	0.09819747811396892	0.05412129637213139	0.07678751374431753	0.03526998588017055	0.07262966895259448	0.08442089949792872	0.05141891995515827	0.07025928855565991	0.1838284131045362	0.1904494517081083	0.08216985840185095
ARL3	0.13227743	0.8134203	0.20218693	1.6305891	0.54228485	0.28822082	0.4152371	0.2719832	0.43656477	0.4411826	0.19951272	0.49397215	0.29861188	0.17083079	0.18931471	0.1072953	0.06640178	0.23431599	0.15285908	0.19498593	0.24168392	0.37433672	0.26116878	0.569022	0.15169469690043022	0.1503887315551209	0.13174758815851417	0.9259626911986657	0.8809731910023394	0.8265903796639628	0.2716992593210491	0.283344244636401	0.4983617284832109	0.4121531237616723	0.3110536338062919	0.34301813112116597	0.38343648991764556	0.3633690528681713	0.2249797849315524	0.14435620606525373	0.34203290809838854	0.6281865832922966	0.45689203454918775	0.22281623215776108	0.19330550857791243	0.2331910608179249	0.21833769483220228	0.16899397526675664	0.21190298242102742	0.2154554061889959	0.1779223184437272	0.3334846781445788	0.24502723878320146	0.17045717428584925	0.28846961205852484	0.5674364378986819	0.23583446470826433	0.38946035650284394	0.018716499566079087
ARMC6	0.10658815	0.10931764	0.735314	0.1485702	0.24548514	0.19242251	0.06515636	0.15121377	0.24496858	0.13214582	0.055500377	0.1386299	0.01569495	0.09579461	0.09300022	0.03079652	0.042618755	0.062234204	0.064702846	0.08754751	0.16290852	0.15107039	0.19004127	0.016844688	0.055879692486201886	0.06615893929773216	0.2728639350374773	0.125012405026153	0.15719091662847504	0.1123966993604296	0.11347712444015194	0.11710212885712432	0.21834968291687232	0.1445378450968493	0.11916592765172365	0.1573730014196023	0.33183389366470106	0.21295789615274063	0.073302554241153	0.08298062299603323	0.11107346503729139	0.20193575794910315	0.13692152495743842	0.132425116508053	0.06433234035649273	0.21541098909218342	0.12303966791453738	0.08570710863388145	0.08014607391314624	0.08543872223986741	0.09824008901456324	0.25697034860586193	0.09545599728971013	0.16923802182659853	0.15379506144648442	0.15136389957164686	0.11836658290842633	0.14641075496778422	0.20643914384865097
ARMT1	0.11230322	0.16510677	0.7776794	0.15817063	0.1838929	0.3402297	0.109552644	0.34512734	0.21496639	0.2410675	0.20044677	0.2193279	0.11231603	0.13682577	0.23830193	0.042206075	0.312871	0.2559201	0.23084101	0.241213	0.14901918	0.28718144	0.1917713	0.06254403	0.0667555580907356	0.09101116443836625	0.2980839172084193	0.1682616211822746	0.18099755851033578	0.22626093107617878	0.42261104354410467	0.22294000749590373	0.212055684206852	0.23662025872177986	0.13057786128651114	0.2949204644400067	0.25977731400373993	0.25276425225394117	0.21438639305067506	0.1809287487623423	0.1608835233151015	0.17557132888752972	0.17844705709420444	0.19714703736663097	0.16938307603235409	0.16613036045436516	0.22388228417352457	0.2511886941389997	0.2641805100115568	0.1866597472707731	0.32317511900192564	0.06627018900660725	0.13840433383397785	0.16378384336008828	0.28365201178430693	0.34178829968826313	0.13679755329064264	0.26713022302946526	0.3278948382610729
ARPC5	1.4328156	3.4419796	2.166866	4.441884	2.9761922	5.5846477	3.4319828	6.2195826	4.916278	3.204234	5.0981007	2.3403313	4.9356627	4.4312897	5.130768	1.142886	4.086515	4.841544	3.7773232	5.2355337	2.653186	1.7973667	2.9016278	2.3797927	1.027743645000873	1.4576548139873398	1.8829307461671831	3.865650164833136	3.6152496777459384	3.582807245021835	6.265246520534966	3.8457832662620905	5.663594222162567	4.274358840649089	3.1180135849952055	2.604452680313412	1.4607232961969319	1.336751597738031	4.586318557974473	4.084834532477788	2.271226274682344	2.0833212210430405	2.3311409234005436	6.023122066583566	4.0603732984619425	4.320851679711504	4.851272526462768	7.093787998967628	5.602468317658869	4.65112082535331	5.014729658677051	4.9579312163513976	2.31723498630007	2.6787554405027123	1.912682403577661	1.8725419356687172	2.9505572332880705	3.806389347865586	0.8722483584225971
ASF1B	0.074414454	0.0057005077	0.46111047	0.08123306	0.4271094	0.5293984	0.40358883	0.47340783	1.1944865	0.20843062	0.04814564	0.0076742196	0.16366413	0.089011334	0.03677143	0.03343971	0.053763352	0.038201887	0.059865534	0.030962488	0.073449306	0.024107559	0.20418283	0.0	0.024019080435452506	0.011050907944252241	0.10714274026545521	0.00485243031206802	0.005936158653396566	0.013384499014436462	0.34621408768509626	0.26157838716144977	1.5664571606721502	0.9060505663460549	0.6092194625518206	0.248877053929836	0.21400336101220171	0.15665713448829838	0.03908596821073356	0.0627068959947693	0.00334567721384684	0.01630414554734922	0.00896313460459122	0.3278299136187082	0.06010574445210071	0.03881890740135491	0.03415638822485103	0.05678599956720716	0.03202904864252007	0.038307655801659964	0.02941809127547194	0.4471233213102663	0.046983273930944196	0.0306621165972223	0.02878322286291007	0.030064860194633957	0.03678513427340306	0.10571846185617718	0.706145852135722
ASIP	0.039004836	0.003443514	0.0026514805	0.009987669	0.0013296348	0.006499036	0.079413824	0.031433888	0.00766064	0.016044054	0.0037063053	0.008026979	0.0	0.015115832	0.016083889	0.054323666	0.088432565	0.045723118	0.04062546	0.051323187	0.01783143	0.007837322	0.028747344	1.2905097	0.0053695473147714915	0.017475738002072038	0.05363768705378121	0.002177337320948623	0.004762611371909952	0.00566787635819065	0.024599375406343323	0.025466438328068722	0.0	0.0036285642917516427	0.00837504118680954	0.006519744222779599	0.07847289971590579	0.0	0.002798811068256737	0.0012898028281284495	0.0033253116909163207	0.005925034614322217	0.009328763277602702	0.005276333048201747	0.013953019015906953	0.0	0.006449658266874584	0.0	0.05488123403244091	0.08207767005497618	0.009201302823388944	0.0	0.031382225872702764	0.0001727998543704919	0.010305556556725952	0.007089089822192668	0.003055250514997593	0.06204876921813387	0.0
ASPN	0.00472883	5.015328	0.00033864693	2.5659938	0.0844059	0.00084215915	0.0	0.011295815	0.005849392	0.0175499	0.0044790073	0.043401647	0.0	0.008251459	0.016298298	0.0008059936	0.0009239548	0.017274024	0.0059226113	0.008122945	0.006948439	0.0468905	0.6695917	0.094170555	0.002693383012789373	0.012322891657769711	0.0	5.506453056335331	4.658297831355643	4.932838298245272	0.015294905575838954	0.018939073125655494	0.000589899508939666	0.01681479645864177	0.011363068513110676	0.013254853072496397	0.005477058001052719	0.16210242156765145	0.012714345784971215	0.005200539107466879	0.008266068228876752	0.10452234534192419	0.047978482782775236	0.0	0.048500811328879866	0.0	0.028726382359489766	0.0	0.004045952641201445	0.013062841204770572	0.007361972903543665	0.0	0.010527624127416068	0.00029046799846525306	0.04436403301618944	0.006484853691842948	0.5787763252449738	0.11371307765958565	0.0
ATAD1	0.19159587	0.46433154	0.17440543	0.24479811	0.33280647	0.17428783	0.42520827	0.19380908	0.31135723	0.26809323	0.28783265	0.27410698	0.06261904	0.16006033	0.15025294	1.0714183	0.12219268	0.21050708	0.18909827	0.20811483	0.3846492	0.25845134	0.4179719	0.0331584	0.1584300115725926	0.2562463170141218	0.2289563777183218	0.453922534944284	0.422923610039231	0.4585985277446138	0.24765030354157647	0.15389854885089	0.29991450279604953	0.27196266352173315	0.3970922963424626	0.19019543278779003	0.26710321016873656	0.3676239511649597	0.24814333967241856	0.1792465710650872	0.3663978314979509	0.24697166229355139	0.29386191351748875	0.3112852033303358	0.24951616462280418	0.16274955471528438	0.10069551979704117	0.267616615123679	0.24998585612420088	0.1841091732661259	0.14641803068634723	0.6491494575104156	0.3440531485329703	0.35901848079216436	0.24952346894224645	0.319952744737557	0.3235801634954951	0.31865891216507564	0.5913240528275634
ATF3	1.1490619	3.1977708	1.7182469	2.4576387	1.7125902	2.3358712	8.290348	2.2586658	1.9290482	1.1309836	3.0040414	2.0677505	3.1672077	3.3006544	2.892347	5.135454	9.332701	2.5042226	7.8535643	2.7832265	1.3557615	1.2335868	1.6377575	2.1619413	0.6353895182658924	0.8033693224136785	0.6149063171488344	4.010767450361981	3.2596059050470356	3.0799621048523673	2.63219906901477	2.3370809448930587	1.4783514392595947	1.0927509807327584	5.005410418077173	1.2242821033432647	2.0729795944961693	1.8218959037893512	1.671319799968502	5.989527405850275	5.337144425888341	1.1852889159844286	1.3791005612456748	2.495424772757787	5.311546590876372	2.660065556422718	1.929791867389627	1.8981961021259375	3.922623709652644	2.713459124961899	4.11413088330806	0.3494713476725987	1.5886440804180113	0.2266420746749833	1.4881681231928563	0.7786686477953992	2.796549857397775	1.4278672976739233	0.38024129504282883
ATG14	0.18408461	0.13934787	0.011530202	0.081977315	0.10364756	0.096347965	0.08062248	0.10296129	0.12201786	0.24002175	0.10488403	0.21229844	0.43848282	0.14892174	0.107927404	0.89971495	0.08010077	0.12354751	0.13936952	0.18742912	0.1526505	0.1462696	0.19747654	0.030364465	0.07946362204562338	0.2141959160763323	0.07461215308829858	0.11985713125109936	0.2180200343345145	0.15102231327612053	0.2055311054120635	0.09125004217428695	0.1179294980767531	0.05812996307718696	0.18338795169009828	0.07498701091344782	0.07892777626491158	0.15717815154878964	0.07386491745910204	0.18062365140677344	0.2941816449330245	0.21919887639654242	0.1929994444805008	0.18856118552650647	0.13426375087881787	0.15731456868096483	0.03725833346294436	0.2573997766585978	0.24553369808477343	0.10280971801142545	0.1451103896050861	0.1318799546786717	0.16653916021068324	0.13246006151504836	0.09378546339928404	0.2031222337721195	0.17608652513865555	0.1283053859169562	0.28186183706121776
ATG4C	0.13254549	0.11579087	0.11763954	0.10038241	0.2102036	0.36172628	0.2873169	0.27306682	0.089849934	0.06589065	0.17126189	0.1622451	0.05836399	0.22198689	0.16935891	0.16994902	1.0315592	0.36763746	0.29274508	0.34439456	0.07588059	0.101504244	0.11852695	0.081912935	0.14188570238996812	0.17007857321105993	0.15661200460701352	0.18128192800724263	0.1188001467816849	0.11358707106921904	0.4030056040138133	0.18221150437958253	0.10724845330193192	0.0815576599356302	0.050498381909517345	0.11610507003071453	0.07725972349208592	0.06492563920655274	0.23155698461312946	0.2271975365812548	0.2023095123388451	0.11605462147567684	0.13586311172312487	0.3378164812660704	0.36164528102400884	0.22073110346254177	0.14481023549346866	0.15443103025600782	0.47217571777959616	0.260692617321215	0.16854393112505142	0.13183646031788418	0.07105967774514908	0.0989291344279988	0.09388087335265306	0.12330087231251922	0.08794805254927072	0.11614425862699193	0.13202058970252903
ATRIP	0.014286207	0.01786252	0.06292587	0.075241596	0.03943575	0.042845838	0.620262	0.03621071	0.09495525	0.050333153	0.019503701	0.06117388	0.0060072294	0.02178639	0.04389941	0.019182133	0.0070892223	0.015311746	0.023939854	0.017529642	0.041353606	0.040699385	0.039402667	0.0	0.005979112285788429	0.022747489216826445	0.030001373809350067	0.0	0.05358755665913158	0.0	0.07894018912391328	0.009240025742252175	0.10537754407410131	0.0004037392098469423	0.15444375308726055	0.0007600337231257994	0.08424178818239955	0.02807227085376608	0.0061876050805854755	0.04084879924878906	0.06448614876134529	0.1420706635413527	0.000662154524584842	0.022519542217031153	0.01360986948779631	0.03760276429600462	0.029966096333835145	0.018401475401112928	0.030899922124486466	0.003239827180649883	0.021689906371132647	0.08421136512384786	0.021853322581549418	0.09967495662825722	0.016524357219190385	0.05741976666729296	0.02601725127606089	0.017137228529021126	0.15242087114669087
ATXN7L3	0.10771831	0.070106626	0.031980995	0.11136637	0.20457359	0.051308025	0.66817415	0.07832773	0.0782938	0.04656941	0.080934286	0.18185365	0.032523505	0.13684446	0.072316535	0.02711659	0.043046024	0.109175265	0.116506085	0.09129912	0.09796022	0.06670226	0.11276774	0.13706486	0.09240940409067186	0.09392401343114797	0.09589583538170493	0.057270318156084125	0.09381139042852153	0.04681158427745052	0.10378755506610056	0.09937380059226156	0.11505483420444858	0.08964024071372366	0.11215546009124104	0.044704028029723286	0.1236341838053814	0.1425617277915842	0.05471891819561333	0.16162151461795243	0.1416844542654549	0.33310539108502546	0.13463256319697509	0.0608287727190862	0.07457139623399853	0.15546526428319046	0.10259040870212974	0.10839337722356611	0.11810037106655817	0.06445331482217315	0.08963083109905823	0.10198462009429932	0.10140393722794426	0.06977439344537488	0.06975916567042087	0.0840248883657987	0.12691101889205114	0.07716897438616759	0.17741095456195763
AURKA	0.029473342	0.029715084	0.2664535	0.34363207	0.26701084	0.31251627	0.543244	0.35145077	0.73734874	1.4044632	0.11315197	0.017919224	0.157631	0.1431364	0.086941734	0.078052215	0.083260655	0.07039852	0.17282611	0.067768626	0.064346544	0.08103494	0.55553573	0.0	0.04876588634439222	0.006433804195864295	0.05095592507434393	0.023991913244366572	0.03783049758067215	0.04717828986814399	0.4290221251545476	0.3889988960622984	0.8973376729105137	0.7089498307091543	0.5182603080493557	0.94923482723298	0.7513137367664715	0.9599541086281462	0.1443831627773205	0.1351113783703626	0.019729268042226498	0.016014571435984865	0.016755387169706048	0.4587441687925297	0.07625947544816399	0.0663962350696297	0.06725538595275833	0.049492291954041145	0.08193891014833384	0.0589847308867491	0.08288213994876845	0.15577973793079325	0.06572330677962701	0.025482324319238855	0.10022634845269368	0.04611821884905628	0.07832696471502593	0.16561237746336469	1.2785637110624217
AXL	0.01772407	1.3957906	0.46173716	1.6545916	0.08827205	0.46109062	0.42863804	1.0421127	0.026078109	0.013553862	0.4301429	0.039062314	0.036211025	0.31345305	0.49300382	0.010047684	1.3187684	2.12466	0.87736636	1.0956713	0.022099655	0.03214806	0.18788171	0.108851895	0.04700727253639138	0.0026440063463260576	0.006824232258534106	2.189721508142496	0.7175039679260453	1.669419905652786	1.0447940686644892	0.9680536073126214	0.005784896649133423	0.07647526677717682	0.004959402358637447	0.028888314936102045	0.027002465200750024	0.009258604255215875	0.8835617533995986	0.21585322666661066	0.05566643318394379	0.0286096093240552	0.04505502724942259	0.19839204896324852	0.39647982405799065	0.6021940015610525	0.16339878620194045	0.04256935324025343	1.0739795959595737	1.4159395544007454	0.5863330919760611	0.01163710866655622	0.03166617240898967	0.002214934099458418	0.041000232808465764	0.019247812556101963	0.1874434029710753	0.3491818124614125	0.0
BACH2	0.53985655	0.039714187	0.09608141	0.12632005	0.007572972	0.00090003386	0.010076671	0.00527642	0.13987723	0.0075904606	0.020359727	0.03327083	0.0	0.017438686	0.003985548	0.025688898	0.0	0.003298235	0.009325505	0.011730033	0.19562753	0.014855681	0.022537768	0.0030595413	0.06842319504661361	0.37178520356904005	0.32800836456894117	0.02523632480706589	0.06873944779902094	0.008125653369970011	0.003854260962802833	0.008059335218240878	0.22189167298989868	0.030749134844306955	0.225886749225813	0.01909603289781017	0.02035527039634972	0.005560267588187908	0.04121567966600691	0.02834223516918636	0.025545874322876125	0.08992796546570235	0.017326892784180793	0.013884311916640593	0.02324699242559509	0.03878149306647498	0.0035835057872588656	0.01573743084487063	0.008031775420394112	0.026746575296173653	0.0031615702888189196	0.01749413864953177	0.08364673752682486	0.6197847314714726	0.013784866203582928	0.0148006599335613	0.03859081854409992	0.006563164879896518	0.03674638976332961
BAG3	0.9123927	0.93792695	1.0960981	1.3815078	2.6552806	2.0953052	3.0158126	1.8583034	1.1555139	0.640152	3.572959	2.5371394	0.034405503	3.5455465	1.9922365	1.3181039	3.495603	1.8423669	4.610488	1.8684599	1.2228415	0.686007	1.1925625	0.0017013712	0.541785193868963	0.9860675583662482	0.32090960247265454	1.1217649441264812	0.9722551963787465	1.3787591420749414	2.218492669116973	2.7440967291026035	0.39790171975610983	0.7512699327320523	2.3113125130138563	0.3331867748089393	0.6768829923709951	1.2148275835760707	0.5030257270970239	11.58448487912519	7.7717189961682545	0.8717253994362212	1.215814986755524	0.5532594690408272	6.653494254682419	1.2718219244918796	1.964435174494837	0.16173104229578075	2.4263350609822814	1.260324812877492	2.867049011883958	0.014427099909101213	1.6561569000121688	0.3146330300339011	0.5734018010245993	0.3398340576122914	2.126630126131467	0.6217083834002253	0.8540171080476807
BANK1	2.276936	0.009347708	0.8050157	0.0019849285	0.0007079089	0.02224595	0.0	0.02663676	0.0188515	0.00462801	0.090527244	0.01452131	0.12070773	0.12672424	0.058793444	1.4682568	0.0011987648	0.015549037	0.007711537	0.02309699	0.041629568	0.004434569	0.16897282	0.25960132	0.6513400900059036	4.089523404020716	2.0003961994802637	0.004752280774925156	0.01387751486993605	0.0011880215184131445	0.002782050127762908	0.007556042067740127	0.036304457526806035	0.01294779965431636	0.025319739456840292	0.016298931987212748	0.0025671613881235933	0.0	0.10916484510873779	0.05885957531003018	0.0027112680026214826	0.04867655794762708	0.005994374825100717	0.312446486783661	0.10690903524481837	0.11027148046347071	0.016393002481722742	0.14848045477066973	0.01113813821500466	0.0066575107258635404	0.06365486821219099	0.04737133298601423	0.06271915609872655	0.007325487663185264	0.006073326244135106	0.0035993835424233526	0.058204809601383696	0.48661791922612985	0.0
BCL2L14	0.0025590565	0.0043394086	0.0014048561	0.0	0.0	0.016668422	0.0	0.02837959	0.011256561	0.0024781243	0.5095173	0.0016531253	0.0	0.045417745	0.015468614	0.001092077	0.0	0.008352361	0.0020045396	0.007337431	0.013172914	0.008506568	0.082276024	0.0009092721	0.00027136027388045147	0.013551196519002096	0.0	0.0020942699757235915	0.0051315283120698905	0.011869305866070816	0.0	0.03051924051849039	0.009364054584468524	0.009228393845705665	0.0036937660936798367	0.00651998482023061	0.0075943259858538715	0.0	0.17339756155382874	0.048769150360355805	0.0013019307169277081	0.004722182291099824	0.0007640820057124716	0.04898326551250409	0.05219441719245546	0.09831959813635234	0.012384845637113766	0.004274227610036331	0.004711894902073462	0.011122609631482065	0.002821077352608869	0.0	0.01108799067369488	0.006905511333157121	0.012758970286920052	0.0020484451242645373	0.0018239589221872425	0.3475219191114781	0.0
BHMT	0.5284161	0.064402096	0.24660031	0.18940324	0.04067346	0.13170551	0.16231374	0.080663204	0.20406368	0.9868189	0.09879422	0.050438844	0.2820889	0.040660117	0.07415675	0.13267581	0.23145634	0.07184711	0.08756989	0.08539443	0.17688408	2.2750874	0.33256042	0.0	0.065669052758944	0.00932325146734926	0.0	0.003764854948792486	0.0016255541247563077	0.28044344931626297	0.0458334616820976	0.20869892811747245	0.03608855143210829	0.283318601555636	0.0626794469040052	1.4548045336695055	0.28923614132276215	0.6955720882697646	0.01362192644376399	0.004723034811557727	0.0070306837852411735	0.008986168028407217	0.13454917504045552	0.0961456978958937	0.012991771576510873	0.0	0.00442410741823879	0.12100900075194793	0.1309798938988612	0.10277246602217402	9.131705181926632e-05	0.1310245664088757	0.266588082195413	0.002193618994264001	0.9456052747745577	0.8138022914713077	0.12206051554377179	0.6362093166814591	0.0
BLK	0.59532684	0.003812221	0.20256248	0.0	0.010866847	0.0016965687	0.0	0.0003177191	0.0065955534	0.0003575888	0.00033237902	0.0012117191	0.0	0.005894058	0.001692211	0.19130917	0.018232206	0.00059336337	0.0004088981	0.0014618242	0.026149362	0.0011687952	0.020665066	0.32243216	0.09633885541019346	0.9716407879126764	1.179671889515854	0.004883004060668402	0.007557862705162025	0.0008569046239361764	0.0	0.00038919949031376334	0.0158500711012043	0.004411784161438638	0.0	0.002789740291112753	0.00010974682991489622	0.0	0.0006683792600054332	0.0004602608217242522	0.0005466336417093612	0.0011043514295651748	0.00251388657131573	0.00739348629613795	0.007872042563483325	0.012413414392603158	0.0006714473451886858	0.010293983708957077	0.001563717673023132	0.000711638643434469	0.003968107451408733	0.019704433849879674	0.03504171286068356	0.017936944044673695	0.0018708226354497424	0.0004316322317644328	0.004336306641534112	0.0733889133522183	0.01840349691885489
BLNK	0.714454	0.010047621	0.2209951	0.010194105	0.036538713	0.25561965	0.18120697	0.27781442	0.02160595	0.15524404	0.15970437	0.012721878	0.0074703866	0.22613242	0.0389549	1.6673471	0.750018	0.22046621	0.30633265	0.2876461	0.045664	0.09229305	0.13489099	0.8543113	0.30934112973506267	0.5963750779377108	0.9584252915726745	0.002013585929922758	0.0008329102496561477	0.007063428012821312	0.44047480861646554	0.1878346794443669	0.014630988032973353	0.04431121004144425	0.0017388352592076575	0.10118025790455987	0.04845529968441405	0.2209631445959871	0.17867141434777303	0.13684429481991214	0.03262130472747004	0.00844122005234471	0.00966498699279122	0.4454507510793566	0.16039138497270194	0.32629732442254317	0.05193548837360405	0.07053514505852193	0.4262070696929573	0.17557118571643002	0.24765717053262823	0.029461155618940083	0.0322657741704674	0.0014523480633967455	0.1242598167547405	0.06497068963146883	0.029641559794554767	0.24268962766904797	0.018944775616681134
BLOC1S5	0.057262823	0.058852673	1.1147027	0.053552	0.106796265	0.15666719	0.052510716	0.092023686	0.14159468	0.06630071	0.1272033	0.11180776	0.12266344	0.07268237	0.07803431	0.03757891	0.2431225	0.10034206	0.03557814	0.0887684	0.12696843	0.11261891	0.11046946	0.0029813307	0.04247098640434173	0.11561573447971044	0.018356675242867913	0.08376300602471123	0.02126932528187939	0.10521557417782493	0.1362500179281524	0.08233023527907007	0.16292892989881078	0.15806380095813963	0.23601450701946844	0.06997929658614045	0.07047795828756809	0.10528809830472974	0.10792824384861487	0.12444056020987479	0.16799696878021908	0.07135744044904727	0.10293076759953529	0.19681345119052196	0.10102685901771899	0.018161430542768118	0.0487974955460522	0.1852353696355086	0.13126191707849771	0.06848532132073012	0.05607584540499076	0.2586980116831792	0.11442742949512463	0.045738812957163776	0.07067903407185164	0.22125718310002515	0.1364952810065094	0.11571781398666249	0.16868613155290968
BMI1	0.17520943	0.2031521	0.057710648	0.13250855	0.23231831	0.16450074	0.023819232	0.18095323	0.16660932	0.9289454	0.1506631	0.27458543	0.13392562	0.07878296	0.07078374	0.18785796	0.1455315	0.13188136	0.09239459	0.14072406	0.18108062	0.22499184	0.20259452	0.01726642	0.21528036881687196	0.19303470238581677	0.08384504437965978	0.18825415888046781	0.2089173676152548	0.148039427696769	0.1571706845998065	0.12342962149090556	0.09612227664995843	0.19073904100851904	0.2288703399266357	0.21282290430031806	0.22000365014954745	0.4548961301155279	0.1377411425739551	0.1809067418213707	0.4413971608733978	0.25159121870463025	0.23671842307596777	0.09127370878099672	0.18087590962908598	0.056229269827334644	0.054142706192087074	0.10891515056095355	0.17299127361660444	0.14014073808304583	0.10273565303759069	0.0887582671332669	0.19961833927253245	0.09009898927431745	0.2544238250444178	0.192178603919957	0.25811508523881715	0.1745779452200047	0.14275859944817357
BRI3	0.49123457	0.73316604	0.9392693	0.9295179	1.7509096	4.0071626	3.2917678	3.8395944	0.47083822	2.7914958	2.750507	1.8568947	0.7456929	2.0505114	2.6350708	0.23486507	4.349754	4.27217	5.500786	3.7953289	0.56726426	2.3178048	1.4025056	2.1978858	0.2996480760122886	0.600928325698103	0.2449981502528011	0.7150649238396822	0.6485487396003914	0.8172278166304805	5.273509153825836	3.0209582111804356	0.3616970885625805	0.7568154989282293	0.7348236343623669	2.013953228753297	2.817129904113786	2.2237242374514126	1.7817506783554224	4.3943120893178085	2.698657011033029	1.4417446430248564	1.6214083322201591	2.4812302449989607	2.1253299679593987	1.0366883184279911	2.9453651846873004	5.435231621961016	4.65538523631073	3.227283105942536	3.5365759881884715	1.2298114033488483	0.5151008519842102	0.23158169965693398	2.544711866398973	1.767592142200734	2.2631503845202086	1.5226038256156373	0.05963550529928666
BTG1	12.337952	4.8130317	6.4495163	3.7768342	4.161823	4.2495193	8.018581	4.0572343	12.813525	3.152355	10.6423	5.0139785	7.8333945	8.611838	8.810532	4.012805	4.097167	4.4702177	6.7387185	5.1804743	19.897896	2.8730607	9.60365	3.3478644	4.8942256022457125	22.473836687720592	10.373598669356912	4.3721203120938075	5.175527986819552	5.338644672699523	3.7034367869265687	4.998418846351845	12.18513851942752	11.054839074149024	22.11271252814999	2.511469552384922	2.150054031218143	3.541145482556573	6.650423315277674	11.17155642682886	5.766686261855695	5.633048544452691	5.2662314612977505	9.678293844643829	13.003683756287979	7.669915648045571	8.434447981316627	10.827577901900845	4.299368240176863	5.057076087737442	8.723252068849401	17.05853624220018	19.996105336196532	20.697532760689516	2.8743509204712336	3.431711718030492	17.928932695379643	11.173327197522266	1.1512864347043066
BTNL9	0.031489436	0.17676039	0.00059295393	0.117766134	0.7748853	0.020894036	0.009787259	0.013750762	0.01879219	0.009784624	0.029518077	2.1884685	0.0	0.006813365	0.009747701	0.0040226574	0.006126634	0.0067526577	0.012677741	0.008314118	0.02475904	0.013849202	0.10684645	0.20740004	0.016491318684483607	0.07246637648519512	0.05320095119247472	0.2576190796576668	0.09991346751293907	0.40070081388672096	0.05000142055717594	0.018050656490879335	0.00935832872110486	0.042357658501981636	0.01245714710877005	0.04225128181798857	0.013150136919263032	0.0	0.007361875826700207	0.011682168370295346	4.025261691630257	2.304913870724434	1.7239990717649147	0.007691250940418679	0.028076341651294502	0.0	0.0	0.06498467046558616	0.009288131820529056	0.012716773343770915	0.0011740913322134665	0.1046115771516577	0.02387898623252298	0.002195573455962208	0.016405386655443277	0.014639010455459853	0.19340243365170545	0.13494586589055724	0.0
C12orf49	0.14733581	0.17952363	0.7444405	0.029180154	0.13711536	0.1323301	0.04200242	0.20780501	0.17300706	0.122064516	0.18066283	0.18685898	0.00636316	0.06685032	0.06308102	0.04013396	0.03666147	0.13962576	0.09491204	0.123594865	0.16539642	0.14624256	0.20621184	0.042449325	0.11238251700475975	0.16486059989476007	0.07741762438741333	0.10413425214652593	0.07960579336451855	0.24319623885789304	0.18704713227755643	0.20494143125610906	0.1365359115345726	0.1875384610997818	0.17796995232920929	0.10461549427226204	0.25575487423930343	0.22491967067342675	0.12038019120818892	0.09823946298237028	0.19366162577663487	0.13230874349040336	0.22338702049287798	0.062383323443821415	0.10789719859730736	0.10993192331596419	0.11454598454065601	0.07710917155753114	0.1041682318114093	0.1346704457596485	0.18872063269389938	0.1787812810439568	0.19045407381563617	0.10039214712541149	0.17187992421005244	0.07421194513538108	0.21580584054770788	0.1682851650918286	0.1940665963378436
C19orf54	0.02798419	0.02907753	0.025191179	0.12379721	0.13908066	0.09689914	0.010005658	0.06489765	0.03758678	0.046225913	0.06863207	0.039821997	0.06575487	0.06129822	0.051328696	0.041342586	0.01924864	0.06496163	0.29237822	0.056685485	0.03701649	0.03473318	0.039108776	0.008923679	0.011816848532541765	0.020246842898002746	0.002123726588307005	0.0207865646928266	0.03314888898724219	0.029421391103436924	0.06757744210470906	0.06233351726449123	0.0509309767853779	0.03255383112583134	0.06105299912835796	0.026780497417479236	0.023737455167135317	0.06301428414330694	0.11755081029999528	0.07241933180686164	0.05119688593769644	0.022581871832500836	0.03996974378036144	0.08339938131786818	0.05464659390311335	0.09186974810658008	0.06616304819482291	0.12203468286264235	0.08334786731125444	0.051539547009525455	0.044205625367587216	0.09277958869934082	0.039810271775236016	0.016632236103061606	0.0294894698585898	0.04401660114727718	0.029655700195575292	0.046646488668577346	0.046479708043487694
C1QC	0.28289837	0.35158253	0.27313274	0.35040355	1.1496984	25.389935	22.312214	27.999887	0.54867095	0.3851716	4.0896854	0.5622126	1.095205	5.2567015	3.8700855	0.3025592	31.674591	31.290516	31.367413	35.60313	0.6372174	0.4257539	1.1215929	0.0060470887	0.5306052373799508	0.14277846386537504	0.021759854071214738	0.09312535429828596	0.28588073386001844	0.8212081982736393	28.95353069732853	24.96701749505091	0.20819898691495864	1.3758895212546332	0.11623868243834927	0.374112531968227	0.4295732764931185	0.46968715187951265	3.8767587556232495	1.2963815230592108	0.695385008944425	0.47226906934793805	0.419590845960955	5.009010301819662	3.9486646853534912	11.825706379145975	4.992674765793001	1.3604093826676935	36.80575235907222	33.006922602599545	34.36292082992854	2.614606182296555	0.5939193722818047	0.12520883191290488	0.4137441762852643	0.5041068726364871	0.6199354321135486	1.963554271418807	0.0
C1QTNF3	0.011672938	0.043300286	0.016491298	0.0062261554	0.0330604	0.018653965	0.0030925667	0.010855172	0.020577705	0.16101351	0.022917489	0.018651098	0.0055251955	0.008304097	0.0074438564	0.0009170413	0.0068628527	0.0077698836	0.003931162	0.0077673956	0.014981369	1.1727633	0.021391045	0.0018078998	0.007874225053257577	0.016029459761993603	0.005229283023524929	0.010718096550765732	0.028529783030629054	0.008133949236423904	0.009037100662421712	0.0920136296784842	0.019323645259497778	0.03111158957500285	0.043046524915879826	0.11723809200682143	0.4716310397834532	0.04530052481026485	0.0063803291940024535	0.015004342616107077	0.009031722567479058	0.0387568936576561	0.005390185825041088	0.025841609318487554	0.0013022651528097262	0.011240836631561998	0.010704575824283802	0.0054563055550001585	0.0077844067551364375	0.012904421948899346	0.0025882843725946714	0.0	0.02060074271788707	0.0078000999284613915	0.10786009364196684	3.2044731452377317	0.01062706820150832	0.04931526700895174	0.0025722843477095675
C6orf62	0.5885937	0.7129803	0.57089216	0.77575547	1.0301347	1.321953	0.58184105	1.0025204	0.82568675	0.7609401	1.0903809	0.9359062	0.4038769	0.51534516	0.74948215	0.26986274	1.0248133	1.6780605	1.2685268	1.3090829	0.635847	0.64066744	0.66401684	1.1527805	0.5120322323720379	0.5314462407872257	0.3145363121312786	0.6803259822367322	0.46487690971776086	0.6230624126380494	1.5833973513485917	0.7245807984682126	0.47117926524765796	0.7982192531914892	1.0628968877994693	0.5069825743433601	0.45739765697172535	1.6157404162026392	0.9414799917798805	1.106531827161989	1.2937967818785834	0.7692046767110721	1.0736116409410874	0.3262619887263353	0.7230935206739151	0.5931314365477856	0.8099057575209265	0.41198394021537865	1.3733661169436133	1.3141545352842607	0.999658679960285	0.12999372373927723	0.7853263218835792	0.3579517943422708	0.6653049119132339	0.5341881440476027	1.1896257544562523	0.3866662657259184	0.5253122791426538
C7	0.022389779	2.2612278	0.013607712	0.6558888	0.11707698	0.0046901195	0.0036075036	0.0036184948	0.006059992	0.030273685	0.0048385607	0.5283212	0.0	0.008357107	0.0073811053	0.0037455377	0.0006469578	0.0032785002	0.0041517755	0.011511834	0.010449212	0.06413622	0.51013047	0.008935081	0.0626555767960397	0.014346676649810442	0.0	2.652479127599734	4.232546444875459	1.0381212748800932	0.0005915999181957724	0.07853917332205677	0.0005923014723577075	0.02281624378334557	0.00388527153632056	0.07125002120777851	0.10577103509531997	0.010181376646304953	0.01671298347666471	0.0017452076601819193	0.016212773087831225	1.378749165223723	0.35309758102524086	0.004057376126985292	0.045114659175071944	0.0	0.0062585253370895395	0.0	0.0030292435229337163	0.02636450601820364	0.0028540030305972655	0.0	0.0157330503449432	0.0006031635434932747	0.11701920512343499	0.005019973604184377	0.7340339554975542	0.14057564505365774	0.0
C8G	0.1322667	0.104055844	0.10936822	0.12519348	0.13325545	0.21715724	0.13108388	0.17021121	0.18782039	1.15136	0.06866268	0.1383714	0.47809085	0.17663133	0.08889568	0.12817675	0.17170554	0.15845257	0.09471392	0.12368268	0.20897648	2.5747516	0.4746881	0.107687265	0.1988032884893609	0.14546262276129776	0.013446281622121999	0.07254466776429981	0.009336927593154395	0.17984847309705826	0.16688232521795826	0.18363365451493444	0.09999936645927035	0.39038469657584024	0.05182065832195238	2.103227173474624	1.1910616012116855	1.799437243832743	0.17386714167406725	0.025453997486451194	0.05459101339510331	0.030807347857149205	0.13606031804637772	0.15253761142487668	0.09766159965026322	0.0009398545842871443	0.04113747725818854	0.11522109812528775	0.14108967642725592	0.14393551452821934	0.05410717722386818	0.16791033806738914	0.2661055321308483	0.007643509260093872	2.913709441520727	2.2137915077722257	0.2538809613638445	0.8963050683087515	0.0
CALB2	0.0048333793	0.001132206	0.00037674568	0.0003501794	0.0061352104	0.0	0.0	0.0014462792	0.00045378748	0.001857426	0.0	0.0038162398	1.3591385	0.0006990917	0.0	0.0006379126	0.0	0.0	0.024460865	0.0013110001	0.0029231494	0.017961262	0.0006233412	0.0	0.004803505256126706	0.0	0.017634444164507317	0.0005004043670793934	0.002978097810230402	0.0	0.0	0.007006254906837757	0.0	0.00015388648168087457	0.003516194303478815	0.000514563380016221	0.010520326070480427	0.0	0.0	0.0	0.0	0.011383402060313397	0.002911167448027092	0.001092115061820587	0.0	0.0019226746941075742	0.0	0.0	0.005038011014501811	0.00025526002825805566	0.001819631417302489	0.0	0.002674562842343831	0.006952453972679958	0.0020218061327297635	0.00535574857520048	0.00015977292652158252	0.0015152093720004727	0.0
CAMK1	0.06159258	0.584517	0.059615206	0.4939154	0.32675388	1.1236739	0.587425	0.8460828	0.26333794	0.30367437	0.31407264	0.259089	0.15096572	0.7133545	0.65196854	0.030527178	0.36415386	0.6929716	0.4639635	0.54945767	0.17494518	0.22260125	0.2531037	0.0005818782	0.08613835885233516	0.03133062753207919	0.005714965137568387	0.5412851126548003	0.7077173139488958	0.5870711797668433	0.702758274096109	1.1651632833151926	0.3020767708768918	0.3679852031953594	0.42080560376135673	0.3337170045356358	0.4093246183247341	0.11989238015536605	0.3438089218309686	0.3361910974442735	0.21651568576453525	0.3383094109247794	0.322931044961682	0.5432779832018931	0.44268745544557164	0.6124882467782325	0.7588460564827477	0.433415417035633	0.4129116820590498	0.5009851296140365	1.0779431130286221	0.5290577851332627	0.15341503788171235	0.08354916083184245	0.22679146282907062	0.20862396381689063	0.20551783756369202	0.2288235029970964	0.1963093432712991
CARMN	0.00054887624	1.3854328	0.008948771	0.4749529	0.10138965	0.0011683988	0.0015965769	0.004068437	0.0037217569	0.006150401	0.0065925266	0.07399171	0.041121803	0.0007769712	0.014680253	0.005840871	0.0	0.00024111115	0.0025017909	0.0019097052	0.008249841	0.004656038	0.11774962	0.0	0.0012760393344936282	0.0008346815083388071	0.0	0.8332865226509905	2.408552310808708	0.4560185650907419	0.011867675038496754	0.0024562721902673893	0.0	0.012110159590191712	0.0	0.008938063744040093	0.000218342028112493	0.0673716727735961	0.0014999558921764608	0.0021424181384153552	0.023836830295345852	0.11236788266802522	0.0237201733996157	0.0	0.0043972860405553085	0.0	0.023160259187017605	0.0013672745932003616	0.0022386166606448835	0.0023726196207851167	0.0016622058275098375	0.0	0.012450586533975044	0.0002702294240578514	0.0069315383809261345	0.0004898919349386483	0.23808038257226388	0.05640460548562642	0.0
CCDC144NL-AS1	0.0371949	0.11314098	0.012490563	0.4769105	0.05538059	0.0	0.0075042536	0.002526932	0.0058689937	0.020701982	0.0015046067	0.005040412	0.0	0.0006297691	0.004886844	0.0003898731	0.0053671105	0.0020815728	0.0016626973	0.0030914082	0.0024574287	0.06631987	0.02956346	0.0	0.11149507859500288	3.834207960451725e-05	0.008380263140707304	0.10052768645092303	0.1590684825112303	0.09156938875419839	0.005214271641740895	0.01795307133994981	0.0026145952398457803	0.01670359635672122	0.0	0.022263236552494375	0.08735713558735969	0.0	0.005860221389580595	0.00024208152642568497	0.0055379817526021585	0.006216923886675355	0.000871370955569314	0.0015468764949489284	0.001719270220757044	0.0	0.004250301843001468	0.004418475412751649	0.00375395561254702	0.0032989402738859515	0.002760517650406612	0.0	0.0033612225174360034	0.001177861348124744	0.031863976774204904	0.010851808170478433	0.02275079890374547	0.056163713876634574	0.0
CCL13	0.010843473	0.13552111	0.003490029	0.014123883	0.024058666	0.4662285	0.24850564	0.590902	0.016577413	0.004249448	0.010372244	0.0032920907	0.002679191	0.00084007566	0.009546551	0.00038509144	0.33674064	0.33331782	0.4547294	0.35010847	0.013234588	0.007998235	0.007833709	0.0	0.01708198799209905	0.017304300617405115	0.0	0.003083241686188652	0.014112515795615411	0.03145318995129866	0.21583021303024266	0.4487155566957163	0.0	0.0065764433599148344	0.03313308577616136	0.005900200526853699	0.009164040842972706	0.0	0.006505392389158116	0.0016490197082996553	0.0033867788278701904	0.006382827823226516	0.0030244274128939123	0.0	0.0012906656903066453	0.002069636935218444	0.02012181755446557	0.004879757844282118	0.21612367305208807	0.2565339419410637	0.9351073697500434	0.0	0.017848350715587644	0.004599354844141564	0.01240396795211362	0.0018831295437282986	0.012299730625019115	0.014721168447412648	0.0
CCL14	0.03864403	0.043420166	0.0	0.024135498	1.670236	0.013424853	0.0007866286	0.026348567	0.046742477	0.08890295	0.027195461	3.2753034	0.0	0.108471386	0.0014830928	0.002784606	0.12358017	0.02169735	0.018040594	0.032363545	0.03418873	0.042112373	0.119259335	0.0	0.012866129503182486	0.03313631308767876	0.0	0.14518527824138566	0.014545004356114047	0.05051750354652052	0.058070278190299494	0.014434492671406353	0.0019727440770299213	0.02395747366761509	0.10070057287301422	0.06096378491405466	0.003225796157048389	0.005378905555297588	0.007151167428193429	0.10680491031651877	10.229828294354782	1.4708684306410358	1.7953385565013764	0.0	0.04208667179057196	0.0	0.006723353263480067	0.0	0.057519017077206774	0.020170742568806962	0.0008261098672083928	0.0	0.0493701414984566	0.0	0.08329650738226616	0.0026321215835132523	0.4311643311108172	0.04902390777225474	0.0
CCL18	0.017479206	0.012875653	0.020246685	0.036945958	0.01927229	0.26835242	0.31004035	0.5740353	0.03695786	0.011947025	0.10983073	0.034490503	0.07546097	0.038117997	0.03873097	0.055599097	1.9578567	2.3464234	1.4273431	1.7308855	0.042349666	0.024425067	0.030543664	0.045339137	0.024717400337837	0.01323456060235657	0.0038195200983037803	0.008151394452162347	0.004754111485879028	0.046630550654903874	0.8071970234974097	0.693330960377502	0.01580100354877931	0.07126369308022344	0.018981352955529922	0.022877398688223454	0.009834833450894464	0.008396737534424355	0.036525757236259435	0.10083800693463536	0.06641421598891582	0.02323198826530182	0.02709504129587252	0.04127617777376169	0.04945535421553981	0.025409151966857363	0.05840630803713309	0.01605811398254479	1.7435935317165383	1.7091640340656533	1.304357621814805	0.0	0.06029968215447891	0.007892817587546456	0.04258941197092509	0.0009530122948702049	0.0705767634932306	0.02578643322586328	0.0
CCL22	0.01355416	0.0006196993	0.06837233	0.0059977383	0.0	0.027072182	0.0021043771	0.038942974	0.02596503	0.011269879	1.2748843	0.0007297923	0.0	0.2445957	0.13622902	0.009715525	0.0030845918	0.020502573	0.014978925	0.015149836	0.04145076	0.0013994327	0.032303546	0.0	0.0006919172268016594	0.013923821919613858	0.05686116097542235	0.0015212191508269287	0.0006499658188512249	0.0	0.12051975666318832	0.010851754929490665	0.035055966782591354	0.016515506464638983	0.05791184121999518	0.0005444097696595349	0.00032735280116962375	0.0	0.5614910602133515	0.5062370871917365	0.0021204832199505177	0.0	0.0010407668622042143	0.3288938077717175	0.05708882113625546	0.540975392574726	0.008003616437665964	0.013994077292595119	0.011235876992073728	0.020548781429554307	0.00968195237716428	0.3544898101261684	0.017111348273632435	0.010568955253795186	0.0020932777030279125	0.0016808824690561445	0.003938242502973538	0.04551734943343551	0.11483645049906756
CCL3	0.64300454	0.6953618	1.0326829	0.39708254	0.5786093	11.429785	59.53991	13.303072	4.0655913	0.5719514	4.6322546	0.5580647	0.66429716	8.179905	9.546017	4.9870267	44.121292	11.182026	53.569984	15.683052	3.2104652	0.78174114	6.867953	0.31364855	1.2444316258434052	0.23531484333622193	0.16887679391625765	0.17205429840221365	0.5136341383362666	1.2905570815878418	10.978989255865208	19.527479997807536	3.6342851944008916	4.632937995400806	3.698902110616184	0.5443826676638979	0.30141335232796584	0.09373268470388328	3.3425497545357143	7.729692081353298	1.0245989265971478	0.13311220076823485	0.7653264798907896	6.055714641129059	18.432616783704404	1.2566133637461827	11.745347627882804	9.36232148780929	16.785821676234455	29.73087565268593	20.055871159202393	3.652864505718281	4.3938836042264295	0.4014601927376943	0.8938028493421268	0.09428680355512496	19.974094730514846	1.8338952050077126	0.47190041839985586
CCL4	1.6394172	0.51933014	1.0791934	1.196646	0.8577316	12.696623	39.242897	11.119989	15.553235	0.4396041	2.999646	0.7532623	9.254133	8.081533	7.650042	8.256739	44.676994	10.765543	49.402416	13.546341	14.955742	0.85318214	10.78876	0.9088256	1.1657789773651874	0.80447396790759	0.7128798026121762	0.25575297406580166	0.39326945738187435	1.3862173807111589	15.994572534967004	12.10824001946133	21.253460668921555	12.714798188356149	10.535994758829775	0.7563548377587631	0.2365710906244747	0.5655493557746774	2.2041267798034236	7.264775291293747	1.6006901675265481	0.26700744431974477	0.9595430096362397	6.433959953951391	19.296837752478645	1.8524669167984555	9.634955508581578	10.189777452867714	24.461343670316367	17.513555335888913	13.310224304137689	17.160102923504716	18.321387502749467	7.170743978379954	1.0051983670257594	0.28258918777616804	36.343002874212765	3.6714058328340733	0.12373057432406097
CCL4L2	0.80220354	0.3077949	0.6052849	0.24320428	0.5502044	7.7348223	43.533516	9.793312	5.2159085	0.14585309	2.6255682	0.30472252	9.613162	5.787437	4.483389	2.6832075	35.10571	7.596363	36.890312	11.103154	6.933062	0.479636	4.157371	0.13556996	0.6817595047331106	0.11365781804433614	0.337178640338204	0.06763653068099991	0.12447737722889343	0.7833478160562959	12.782725960763758	8.055252896823129	7.401832753815851	4.303162545643882	3.382692251295405	0.4669988809415434	0.11847861329631171	0.10614663861655249	2.9172087500204835	4.037378087077123	0.4982550015582612	0.07493913075793593	0.48143880198390887	15.031040855340619	4.742904503034968	1.5879974471673721	4.410807179221036	9.901427520509882	20.531522242077642	14.259409470294594	7.990765159379819	6.1306611692750606	9.729094654959711	2.4885866554366656	0.6271075761634924	0.27900035391180134	9.711766126804386	3.831472889922086	0.0
CCR7	1.4371731	0.031120136	0.7898087	0.004151979	0.0104160225	0.19841476	0.03770376	0.14714468	0.678117	0.11687215	8.064913	0.03263658	0.78081053	0.43620828	0.55694497	2.6192937	0.12175672	0.05631978	0.12979725	0.10163058	1.5711048	0.030573517	1.2079769	0.096749865	0.9281951800980898	2.533932463637357	0.7007468648868884	0.02413063475812144	0.061286583807970876	0.024899479193786538	0.052496629989821623	0.15907357505139846	0.9038091371328733	0.36647220156106025	1.1280469167170297	0.012977936780436622	0.007767643980259245	0.054651744259989324	1.108549899487692	0.8290392322380961	0.03364648185759226	0.05066610622339268	0.0255231012598564	0.306292865062493	0.6797715350653233	0.6990073595325191	0.15424088816623432	0.01618260699225288	0.059512798694620984	0.13814070323929709	0.09602530673356006	1.2878749587319116	0.7022880420914634	4.750911081773148	0.03217883943629865	0.04206529917886661	0.09161992159845431	3.458432784824489	0.9750868786780514
CCT5	0.68833417	1.0123407	1.5536793	1.4345492	1.4382019	1.3439416	0.64659166	1.4254268	1.5041449	1.6380701	0.7901098	0.88402134	0.46149737	0.8121648	1.1844299	0.23372924	0.35701066	1.1049782	0.6414207	0.8210233	0.9096357	1.1489506	4.063091	0.6420267	0.42892588194733655	0.8140366144616908	0.9477157805285206	0.8832089979361398	1.208180044464632	1.2559465931893925	1.43915917381763	1.062561896164695	1.8513054819618928	1.7036200084878634	1.4334920807523763	1.7450914654766492	3.472519523118276	1.8400586452390173	1.020047564132151	1.059296240991927	0.9586493261373656	0.9661710292477839	0.8534001156407602	1.2182642873935867	0.8671385947686288	1.083815138378455	1.0610796110405611	1.3978951276726088	0.8410065320159177	0.6684048653161636	1.009401088362964	1.7068978693578152	0.7778364338996379	0.9729594913437064	1.146135702138199	1.4369552265644574	0.7867040687015392	1.2261022226423446	11.234805030682882
CD163L1	0.0035951787	0.03712222	0.005727945	0.17112015	0.020478904	0.271223	0.13429785	0.33400834	0.019654054	0.099284545	0.037816547	0.04840035	0.0069695697	0.0878671	0.030333478	0.0031496913	0.27880153	0.5571518	0.37918535	0.6588433	0.0096379565	0.05812671	0.06671143	0.0	0.010524125877598782	0.003129882606379151	0.0	0.049553658251498815	0.042858379821896164	0.05406534328613747	0.8054355310204471	0.12728226246272464	0.02999134591648023	0.03919432507068508	0.0	0.0659816156642283	0.10017664409864793	0.0	0.05476043373753327	0.01874528731893774	0.050364184837056	0.06937951156759717	0.029057919279241864	0.04551885368396072	0.048977825024885555	0.25549025851932283	0.03672820354534616	0.03896792140222721	1.1274670294523281	0.216310393497965	0.3647534370127151	0.0	0.01421119393299286	0.0007641107692117793	0.08048878837906731	0.012133260399817382	0.04326633919176035	0.132289913147876	0.0
CD1C	0.23346876	0.026644731	0.3483527	0.025037056	0.01016428	0.4247703	0.72297907	0.730877	0.07844423	0.11405955	2.4121745	0.013693283	0.11700642	3.8228772	1.2915668	0.09233298	0.09455486	0.31899408	0.07434666	0.1285494	0.041894592	0.19184297	0.1639833	0.0	0.1372647045123552	0.2263935329372494	0.2649920507138323	0.0108142963304152	0.0	0.010552264413872157	0.1198315532725474	0.3242948815091423	0.019561767671214557	0.13509148102038326	0.09090162904694536	0.0023118079269545456	0.0012344157878505719	0.03286338533673968	3.4998921526118965	1.659555195204546	0.006835694272557137	0.025680937197075118	0.01773211499354352	7.994404078681362	2.9441548390468535	3.977807343001329	0.3195549144128464	0.6213889258781661	0.09610347456729335	0.15334880771113762	0.09503323083285434	0.12493738446916852	0.04705897109744155	0.02424187361397357	0.015799311600233585	0.044928586286823946	0.021623331724014344	0.3792223056860163	0.0
CD1E	0.037946284	0.006137632	0.026101483	0.0	0.005395739	0.100786306	0.05202797	0.324915	0.040972892	0.00794216	1.2159755	0.0081066685	0.0050210766	1.7657516	1.2315676	0.009012793	0.01738806	0.2815706	0.049678203	0.08594286	0.022894684	0.009284763	0.15278007	0.0	0.017933226472799216	0.009343325961984256	0.0	0.009278544970143427	0.007997133615046392	0.0052995192457270315	0.02351823248927623	0.1322003798263104	0.03405650139794971	0.0796350608764433	0.004291734864226485	0.002018137725021422	0.0004317320539895566	0.06195723263941375	2.119855979074446	0.7277440998531504	0.008616413391008248	0.01775458011053902	0.00558749239358486	2.132037639176443	3.7103315678914868	2.1328019595423404	0.14241507788319988	0.16090235656081342	0.02972445902614956	0.14783137407672234	0.07118253052291712	0.01990239109311785	0.02223071940943827	0.04201769355454358	0.013758786883262453	0.009709279024201515	0.014342024713856675	0.4933809519301482	0.07333934341849961
CD300E	0.004351339	0.00045337496	0.0	0.0021667702	0.00038097677	0.094110236	0.10497197	0.07143115	0.0028678782	0.0014863226	0.3883817	0.0050529176	0.008297803	0.23092541	1.0788261	0.006916091	0.018059734	0.050509088	0.028187785	0.07905133	0.00336869	0.0038359626	0.022111796	0.0	0.010956837157326947	0.005902067150950176	0.0	0.0	0.0009690132592954944	0.0006939076923428863	0.06168990754425487	0.045638319365178565	0.0004129451168098443	0.006729460233108351	0.00837504118680954	0.0006198122235794651	0.0019139972324673938	0.0028397232807915785	0.07345480508054168	0.8828498028397169	0.02055427016891824	0.0	0.0021300837386724566	0.22593362200962464	0.3255300899112306	0.2011410920052727	1.032967877064538	2.01176035000626	0.03994170063517429	0.06963924694370843	0.201577690059108	0.0	0.005031808449459745	0.00044327725099611024	0.0031780419245424317	0.006642205997712509	0.035866643179059465	0.03580216968402935	0.0
CD36	0.12420847	6.7795424	0.04229843	3.8142421	2.6784966	1.0519209	0.7310828	1.1746851	0.096119955	0.47344145	0.44068718	2.602677	0.19685149	0.6674088	1.7425272	0.077023715	1.378314	1.6839463	1.0162754	1.2996497	0.09660431	0.41865665	1.1678673	1.2581341	0.10962001226256983	0.0810122084400481	0.16901470382418068	3.466023688388897	8.639727357228315	8.450885627662673	1.0079885822896675	0.7064589952778423	0.03365251054107481	0.2365235353001285	0.013508962525820485	0.4636940601776688	0.11290769470524556	0.03235167881538128	0.3971924960090012	0.8539837643853461	2.3342740665815795	3.585874052520839	2.90950294263384	0.5548150846355155	0.6706369871681821	0.3894860225555651	1.0224735196128685	3.9504320835503415	0.9968156920674807	1.5298444043566928	1.4142604666494718	0.28204804240883175	0.10812573119709547	0.002685087196047138	0.21950161577009852	0.7576172863704423	1.2536604346786473	1.5783864678882127	0.1974367949948177
CD37	7.87126	0.120981224	5.048124	0.13109042	0.15173945	1.3747376	0.7147825	1.1840818	1.681372	0.117057465	2.2080784	0.15667872	3.6562545	2.6790833	3.6338944	2.9902043	1.9314604	1.6539392	1.7917659	1.8618071	3.26021	0.08845085	1.3263379	4.576201	2.0888423070925706	11.890498560385874	10.565763014112632	0.09030879004930295	0.089959534808074	0.09920625008178419	1.0033413532013873	0.973675491583803	2.1031089260139595	1.4801945792022895	1.4169739657211327	0.107024108383047	0.04560346727023727	0.17799572897662083	2.8052926262477067	2.2395461415207314	0.16417037828660078	0.20903983319364466	0.12721584022212612	1.8406347216977834	2.2708749721155987	3.6145285290627482	4.183787626233253	4.093566780402261	1.3068642015689829	2.262080818911935	2.2915046650122024	2.0767413325123973	2.773927188100285	5.630488729389965	0.11411135423319235	0.08726890364107792	1.8269835368228158	1.8450036428999028	0.5279965708403397
CD40	0.799934	0.31946278	0.5855065	0.37203646	0.51500505	0.5287587	0.37664142	0.4426096	0.084307805	0.07227733	1.7378851	0.8320631	0.012038337	0.58532673	0.50700814	0.41591123	0.36046994	0.58555734	0.41397724	0.594689	0.08832357	0.10228312	0.34856808	0.28167748	0.33441497891539534	0.9550837058045993	0.7609414308983836	0.3105725467007318	0.34853930025824	0.32388134461466567	0.4507715938760902	0.8738460689421439	0.0647685658427928	0.12396096154529435	0.01055128069879433	0.2281613189005303	0.09745345621943359	0.08381492081534099	0.6254832524274201	0.39284527871333436	0.74333940538752	1.052168991236939	0.8168937115760161	0.4927446021137584	0.36238009413540595	1.2872539426960323	0.521961062491314	0.22316485373534903	0.44428527958617775	0.563176090507029	0.937620398035665	0.18408155750918698	0.07936419961411795	0.01782417295029681	0.16647452023720394	0.021414854108890623	0.13026705587795914	0.8999531694905059	0.01659743807015556
CD79A	7.114617	0.01961933	4.149293	0.017417355	0.019009361	0.018680552	0.004218555	0.02153025	0.21039593	0.019341042	0.02174146	0.034512028	0.070718236	0.33592275	0.03371535	3.3849227	0.0037659677	0.012950505	0.00602929	0.014319179	0.24420841	0.01877403	0.48270908	0.06557788	4.019489819715677	9.177516874704587	10.258602664557868	0.0071032485273531025	0.0072011533886828325	0.007736402282160329	0.03628319293468982	0.032701236906398756	0.3034720200134018	0.10069252342475392	0.031170042502480726	0.043069115520399624	0.011694554155052286	0.0	0.04930739365679399	0.004016428349091587	0.0042505821340274265	0.09521314151947788	0.012455476906835428	0.18154785520758143	0.039871223475571434	0.01982065150849069	0.026946861393295562	0.08911344508321802	0.016405754760811533	0.01932504948945998	0.010221187819929423	0.13916572843279157	0.1947300803882832	0.48240558082661616	0.03056469563884263	0.011289627933690179	0.031938627440888	0.9856756448707327	0.00972100717050058
CD79B	2.1162722	0.111311354	0.780807	0.08060843	0.5204338	0.012575636	0.025062716	0.024224421	0.3823647	0.015003553	0.07191819	0.5611631	0.22789884	0.61067253	0.20938426	0.9625806	0.014678679	0.014347089	0.027670983	0.027984817	0.44574386	0.026126182	0.37873	0.013874256	1.1585424647611193	2.8409055207294442	2.811096838369784	0.14534427374893416	0.07763898342312392	0.20351077697082512	0.0441291945549548	0.0406560098660124	0.4569261089361474	0.30038523961866553	0.30667399611257534	0.06911868224390066	0.017578807705942716	0.006248464872097147	0.10721274450965702	0.1253189169488526	0.33090726957442995	0.4134219541490441	0.5533886500917488	0.2190438555507764	0.087920712196264	0.032240361263172	0.3129429437449724	0.1755564828787154	0.030406132034322533	0.033640622589966716	0.021388920944565223	1.5785705640718533	0.41555997319427634	0.18073120704664652	0.030751108204782066	0.02858339345960642	0.2801920742912018	0.5480342158204912	0.09307123580222733
CD83	5.3954315	0.17688067	3.0481691	0.06255671	0.39811313	2.8502717	14.057289	2.8942256	0.8521179	0.11440434	5.145777	0.2898689	5.1643357	3.91888	3.2915626	1.9410444	7.4932775	2.8749812	7.279943	3.2899384	0.8553686	0.1458894	1.6447989	6.2525253	1.384401394052988	7.245636132545207	5.1937257472164875	0.08125898055198666	0.25923914719039504	0.28011314460784437	1.9852748878820685	2.801416519807139	0.45627036103162644	0.9946167681418472	1.8608427685529525	0.1813674205966847	0.0878088099138287	0.36767663861730415	2.728929189389299	6.8744820023080395	0.6262332662302242	0.24495400343053808	0.25566757575637344	1.3382646953565807	5.617010176894465	5.788827493669098	3.576061815157053	0.44819896238273566	3.21420831519206	3.728534406782786	4.885848415194828	0.13360109933010944	1.1259380982549214	0.35036436914334007	0.19208842947267557	0.05663619131989847	1.5401151687578993	4.127489226843488	0.6806090202452554
CDKN1A	1.5315418	2.2868068	0.5571058	2.062898	1.8570584	1.4742532	5.918168	1.3169796	1.0354772	0.9901867	2.2824144	2.6983874	3.2110937	2.486496	2.5671387	2.36097	1.7262492	1.2044388	3.1236277	1.4640126	0.95815706	1.1314094	1.0177276	1.7118443	0.8293054410735257	1.6107748114951763	1.7805558440090923	3.1384885617105893	2.7352485730564573	2.464844720830591	0.9212078169234796	1.2963452354015934	0.8189206664981137	0.8823328297984933	1.6912081189864907	0.7495345148401519	0.4447676980197732	0.6272195820737942	1.697944654933938	2.773719865777627	4.414998476438453	2.7576855735622976	2.5052478999910655	1.4952835571676406	2.5241817947266556	4.5035239147668396	3.3146036095240348	0.8991092418866591	1.3874348498210793	1.3991030225709584	2.565093667043936	0.47498181764181563	0.9704287490435394	0.9227589937471126	0.6282139724623894	1.3392647192224576	1.0398784767071545	1.4032382722759011	0.43124895330226426
CDO1	0.04766179	0.060731977	0.06447477	0.048475593	0.04224832	0.073536344	0.048545588	0.059264243	0.11628566	0.44851384	0.022409162	0.07281086	0.07674024	0.014043011	0.034818925	0.04121912	0.089943334	0.050805222	0.03759194	0.04723667	0.101589784	1.0207292	0.18905896	0.0009488091	0.055199882160850394	0.017420337741603373	0.0	0.014230612198902978	0.04810222880129104	0.10298057107373722	0.06545182435580105	0.09438367684731831	0.06575085103225792	0.14841099381299308	0.0	0.8164026803011182	0.129492863550548	0.0316597346601815	0.049967495076346846	0.0030636635213867683	0.00806058138472229	0.030602603371182417	0.10073856601769678	0.048371391094825494	0.01065154147198191	0.009612121649067547	0.0027320865620958043	0.1385529488736334	0.06198654795395754	0.05956428058221733	0.002864172127504759	0.26186934570213416	0.12441219982010225	0.0017417304667301488	0.684058606073247	1.5946284466172265	0.023891660063642923	0.39214754876652913	0.0
CDT1	0.047721773	0.013440653	0.364895	0.08064297	0.30572754	0.39125723	0.19694264	0.3862938	0.88012713	0.16664663	0.05507971	0.019589696	0.28672475	0.14090896	0.0057477704	0.016672809	0.026538165	0.022208255	0.008836212	0.0229478	0.07951923	0.030216362	0.21150771	0.0	0.008672708928113022	0.0007367323542284644	0.2352599053910248	0.007829531016912021	0.009631249842460245	0.018313084545048337	0.26606503202178594	0.1495382839199915	1.0527973772106127	0.5510791665275536	0.763069019641763	0.2317713111299896	0.25813827049261184	0.10585192183555642	0.03178059876078854	0.03527724918457054	0.026073231522015395	0.017300993746448445	0.02128798270438279	0.16239016017101365	0.06522395524766039	0.03361786418318361	0.014166172944917227	0.005012466982144238	0.014914488956426804	0.02948043644481397	0.028940311770101236	0.3409325999098939	0.06397808331128288	0.024674508194892593	0.039518662485937044	0.025645982099403074	0.03370791985979884	0.05855753924535484	0.7127812797996802
CDYL	0.24506147	0.10095108	0.113198146	0.09012457	0.1477149	0.12092011	0.23892574	0.1026292	0.13177565	0.062477194	0.16038771	0.23867223	0.095158204	0.11923869	0.072882175	0.9484605	0.044790924	0.12380266	0.12224525	0.11931255	0.1145912	0.12138677	0.16765936	0.46400315	0.06720823653078534	0.23421881384053403	0.130530615207792	0.11415436412162402	0.09068229557281259	0.11403586295260382	0.14274573187123146	0.0887625178812962	0.12801244644675627	0.10210518364604755	0.1616827688251188	0.06074873328458587	0.11390859054443236	0.04379111322863349	0.09909831209796924	0.30207224325717713	0.3452800047069961	0.24131210282075094	0.18740853347616576	0.19641977711634317	0.17502829088719027	0.11751303210976555	0.08293015177574384	0.19585435724514944	0.16437880889337458	0.0715932243168095	0.11473682138942065	0.3197262748495325	0.1213950824097332	0.045075911864278645	0.07916953032751552	0.22598721639199734	0.3302553482857042	0.1167428729109768	0.17831365263546048
CEBPA	0.051787466	0.0192153	0.05035937	0.0058741323	0.031041134	0.94290304	0.694102	0.49952808	0.059519876	0.44013935	0.26937035	0.06364743	0.009587844	0.1826661	0.32104167	0.054035705	0.5098165	0.5327119	0.42265338	0.5853416	0.09754502	0.5917557	0.18411404	0.044578236	0.09691094492120905	0.018193857486935847	0.002123726588307005	0.02376866722354043	0.012262958483981772	0.017614583967892537	0.6031650086627969	0.3584785191907401	0.01657496922984883	0.0912380254798039	0.041789076648561505	0.6198330255193869	0.33422339336699947	1.851264083561639	0.2676903626085454	0.3673518550987724	0.08765460166077758	0.03970764299576182	0.05343670214285245	0.21694503561475997	0.19833044930354954	0.1638608429681625	0.26195450250360197	0.48036359399290035	0.6912883130339011	0.3882180970984717	0.4226314980690542	0.03840242113385882	0.1290547499693964	0.0061838746174773555	0.7019182996244305	0.35523511528988244	0.16613933560752045	0.30153687520555783	0.0
CENPU	0.07917151	0.035864457	0.39795408	0.71715516	0.5726131	0.71215355	0.6132973	0.56040424	1.1273048	0.5097289	0.19161344	0.022240588	0.29175046	0.20172763	0.08792712	0.08400674	0.10240335	0.16855088	0.06828483	0.072222844	0.15183958	0.073642835	0.26908025	0.014253381	0.07281320189858945	0.01523422131344195	0.14777344042288923	0.043974232527246894	0.03561167489088727	0.03156584089239861	0.9012457209361244	0.2920300334595111	1.4881394021989454	0.7953300237029447	0.759534182668393	0.6850250240651176	0.34629792525307873	0.5710151907258434	0.08561108587316284	0.10015771365257138	0.017831887150901962	0.016988145025015233	0.02685587128326561	0.7314967754070605	0.10141511111400775	0.07137706494299859	0.061841627238551	0.07208795006710135	0.07798643488790438	0.08408206414009937	0.06565182295403749	1.011615192116081	0.09065818650895173	0.054172013859963807	0.10243099224943274	0.035202069169741126	0.10774564542749823	0.18955645336638657	0.6178769927464295
CEPT1	0.25945607	0.14118789	0.096550286	0.16166358	0.4229836	0.24450989	0.4825643	0.41569844	0.15568	0.30672395	0.25560167	0.21255603	0.104704164	0.8373077	0.24196333	0.08760944	0.52540064	0.39496464	0.26092768	0.506472	0.14798717	0.33059588	0.24418895	0.077369615	0.1824637512853233	0.3805931488937347	0.23183217521027755	0.1581761574172961	0.12671075944372295	0.13706159270422527	0.5229356374224393	0.1974797017210952	0.15029574827102038	0.1346100536245004	0.1593130185596106	0.12927101785045028	0.10963661736161436	0.14261484662887497	0.2676457749473261	0.2687433103371853	0.203272537745409	0.1454495173483796	0.20810946819727905	0.24034949879762596	0.30333904199438827	0.17619530447234405	0.13998812848846112	0.2719159717176718	0.6655202083363613	0.33675580064257105	0.24916585656420245	0.17284040605867065	0.13609856212926635	0.17613203612407152	0.16335125363640224	0.21465537364469486	0.15277341933931496	0.1773660493089278	0.3247869515323729
CHMP2B	0.4207768	0.5495661	0.35636088	0.39216223	0.44997662	0.5049584	1.6407722	0.73427343	0.4496096	0.49037415	0.4205074	0.62597746	0.53005517	0.47867545	0.80234027	0.43018878	0.48763657	0.6685321	0.552322	0.6640757	0.5722312	0.59664184	0.4448908	0.15134588	0.228105061661075	0.7013216378436675	0.4334241394151413	0.5164717841796276	0.5658018542550144	0.5986530285075128	0.6769596059439074	0.4588693041628009	0.42070983317532473	0.47491279360352734	0.5190288873251154	0.5868929826462552	0.679118538434699	0.3771213625452201	0.4317696088091574	0.5473570028690963	0.5714951235498101	0.609685529257824	0.5353765672299906	0.6773107415376937	0.6314693258509787	0.6036193572563372	0.6180335092425525	0.8662744055807544	0.6863211418491256	0.5975180579618781	0.7332884492434945	0.798427930435577	0.5691472103188495	0.4884270419865211	0.60549347205053	0.5311191171363971	0.5947582346878763	0.4844050750473214	0.2751179242254909
CHN2	0.02394926	0.019570973	0.036470287	0.04750647	0.0552213	0.06210524	0.14375515	0.24355419	0.05597006	0.08534437	0.14521451	0.034261838	0.18077293	0.13634886	0.14787553	0.006971536	0.09421834	0.10550277	0.10569255	0.12820525	0.052116238	0.121266924	0.09929367	0.019994061	0.014088455379121626	0.01254975031836521	0.008290285991533154	0.03442648321166259	0.005982737760613926	0.0376722401986887	0.06402730277678328	0.08193139789893149	0.03684715761705155	0.06101933130767633	0.04448413516602892	0.0999406666789786	0.1268998992251418	0.11179721188075437	0.22117708358778584	0.1580589895065452	0.028114253900132186	0.027254261499324986	0.04205518197265651	0.03806521554716563	0.17298803655744097	0.21683770427441496	0.1873897936317639	0.08908372729006593	0.14205024354959472	0.15470064944251855	0.09124084962366788	0.07155609750128412	0.05670980592670365	0.023531649087226714	0.1126236538282041	0.1409979992487537	0.21686895842948314	0.07698346636778247	0.0
CITED2	0.57193285	1.1532842	0.6278938	0.80795264	0.63671064	0.8218776	1.7838228	0.7390414	1.0881544	0.3878307	0.73936224	0.71845907	1.5684323	1.2062129	0.8272832	1.3692048	2.2766929	1.2976166	2.702107	1.4339224	1.4594405	0.39097768	0.76540864	0.046442613	0.8337407072124121	0.4067957410317404	0.839786069591803	0.6720137786927991	1.4244171219234618	1.9050444870081524	1.1412637100722856	0.8012425284236985	0.8482942152478025	0.8971647620050972	0.9982744271629473	0.3816540152344194	0.44389171537013683	0.16467359167308057	0.5380989369845501	0.9170351914840323	0.5506023228806768	0.6713974365929463	0.8589443850015263	1.5293710106536047	0.972741997066176	0.7640827952089193	0.7032700907054561	2.4551778135359195	1.9809286046666035	1.1816178807401008	1.1856369623089364	3.0650262560163233	1.3392020338447426	0.7451474421431407	0.51984219071275	0.3174317890565989	0.9348391575127019	0.7131480908248489	0.48483805051885387
CLDN5	0.030270465	0.4799647	0.026760865	0.49548158	5.3973947	0.008251304	0.06668622	0.011005192	0.065687895	0.12783492	0.05534707	10.710969	0.105941825	0.10333875	0.041740846	0.019696977	0.015636107	0.023522064	0.0977358	0.04280378	0.07373558	0.13743952	0.77952075	0.04093529	0.028469299786461493	0.046927908059953755	0.013683184847101433	1.4755824860249636	0.11266402375337833	0.5017486797443881	0.028905867570730426	0.1112410003572457	0.013647968196527078	0.1760071221234106	0.019278547405141646	0.4713455049997219	0.0013975810747540345	0.13552254050823268	0.06950129630934011	0.028801490292526117	6.645755436870424	13.762584300064336	11.783097144639889	0.014772218164376221	0.31941588577953955	0.00854825685864159	0.05992699802158373	0.07277266646522317	0.030079606634432918	0.09114256921655074	0.004328463750731039	0.0	0.08708939251599718	0.006022806307868585	0.20342676640153198	0.042073704523247775	0.801885890576882	1.1239700993746666	0.030460872445055232
CLEC11A	0.039244242	1.8086833	0.04585451	2.974759	0.28260884	0.41337332	0.23384993	0.41473764	0.06664885	0.06528576	0.19427568	0.17742853	0.094919786	0.13630755	0.29729247	0.009627097	0.3821687	0.13615544	0.19112203	0.2180944	0.09192837	0.09211523	0.33677953	0.050899234	0.05239838263246094	0.0183455563113657	0.049484537595161505	1.389475015743091	2.032432392622448	2.097977963317029	0.28498940296682224	0.22801192966845335	0.06266335310730907	0.11625434940520364	0.04201259107672118	0.01574430858684809	0.09855547825851461	0.07585842676937875	0.24777814870061815	0.09492084029359463	0.05744911002054371	0.22293743348453982	0.22971237133539513	0.20166028702606023	0.1568270444311138	0.20573405820656174	0.24912570628950698	0.1644254470047784	0.1207353987561056	0.22593457488008603	0.3705565163879254	0.14540504418410263	0.04478619995498358	0.2587485395070994	0.07330243021075152	0.13714257699655677	0.3394844905994736	0.09122053199235398	0.0414823586347592
CLEC4E	0.010657484	0.010894266	0.00079654774	0.0007003588	0.0032750934	0.24460375	0.10973537	0.26012892	0.015680835	0.009288855	0.49292374	0.028662207	0.109082974	0.55059254	1.6633642	0.024787422	0.32493338	0.4293077	0.51271707	0.52752435	0.03167436	0.01678239	0.18792981	0.0	0.010389629471168692	0.012415372600910943	0.0022322524420904425	0.02024786467145607	0.0011774881953193295	0.036780578642199635	0.3384337507011032	0.4077919856818594	0.012666371899609334	0.032402090240822974	0.001267326862684318	0.028053839721547635	0.0070015548026919	0.0017076928553910091	0.39492656686058414	0.5623700669327619	0.053629160837726716	0.003599601420196327	0.029333995428944378	0.5104097984407122	1.6800611094796027	0.20050642913613634	0.7105717054984746	6.5065320885326425	0.4887043244012123	0.5965011346959209	0.5371221919699836	0.1466371672494071	0.031051165357720747	0.0005072201802256897	0.016262736889700168	0.02258799396494709	0.41701294184744103	0.11416779866235977	0.0
CLIC3	0.580756	0.044037595	0.025739776	0.024687625	0.053858466	0.01189767	0.03146405	0.04677026	0.2443547	0.029890662	0.071329035	0.1107576	0.0	0.04701948	0.023176707	0.78350693	0.0020505593	0.018729497	0.02349494	0.023879785	0.5833589	0.06548325	0.68303347	10.021609	0.18646464306294014	0.2775204780208867	1.1860126898864085	0.05479802989374599	0.026006257361916908	0.08579137887746802	0.007745805969476269	0.031061045879686874	0.20010033102225572	0.3306448619241149	0.25874544967379753	0.023783283319689427	0.10003790963395279	0.0065172869583656045	0.07304384626925522	0.09667054338200849	0.09328620332251543	0.0829658524758272	0.18628787589802895	0.07873897597186734	0.03383050055851901	0.09803551955942605	0.02394254002487646	0.03714999823816449	0.019598198789391227	0.02799645808788009	0.041293150797644895	0.1903968266078404	0.6555693655025532	0.6089279206334824	0.10872526270743985	0.027932074704424006	1.7475496839706146	0.44911590966757386	0.0
CLPTM1L	0.20360023	0.124208145	0.3519584	0.1076834	0.4181295	0.38319296	0.34739605	0.28002208	0.22647598	0.34972832	0.23545818	0.4531794	0.20877247	0.19290192	0.26336563	0.976231	0.20641807	0.29611334	0.26610643	0.28756446	0.2641378	0.31210944	0.4093171	0.22246745	0.25526096461816905	0.20725995108580209	0.26271384313373697	0.11803147556524898	0.15660413258503875	0.11567199793593941	0.47762961805080756	0.3161823963984545	0.2551226625141915	0.17935387706153627	0.2677095962845374	0.233494611470529	0.594355519446595	0.685370586188556	0.2809125637692963	0.23486512265927867	0.4235421274321211	0.4521068178394797	0.24224431714363936	0.3488233731124675	0.17433899214372806	0.16768956648397454	0.20868595622883518	0.34979106037360524	0.3819594306506643	0.2277305942290942	0.2464453567274404	0.4219489661130038	0.2560877308469951	0.08000026118740992	0.3773811189097315	0.3559556288033176	0.27984781642683065	0.3944648066417302	0.5923428989828912
CLSPN	0.040091965	0.033006832	0.530625	0.57035947	0.48553407	0.70801914	0.6549393	0.5546521	1.4261898	0.34588638	0.11615104	0.022948856	0.22486675	0.115881056	0.11571841	0.038527466	0.15469795	0.037929334	0.012588628	0.054923497	0.12572975	0.034230497	0.7041489	0.0	0.06233310724166847	0.01929431092355601	0.0771552449866801	0.05356951659221113	0.024275645289960332	0.026758139302517296	0.7871474264949924	0.4072571686773472	1.4724545874182868	0.8596003109390522	2.024384695647613	0.28742756680427967	0.30228594660973523	0.24766183134370248	0.0696046847618867	0.14547094346035894	0.019576052539607928	0.017285868067321408	0.0198721637247812	0.38107485132717606	0.0716663077256347	0.041993410492732586	0.051245599329378985	0.017264860297780606	0.036741538083358755	0.03806594604494656	0.03404834813648254	0.47648804404518824	0.10637077819343481	0.027638947703222238	0.04774113658738208	0.023746703388607095	0.08364100590180916	0.09977879984390008	2.7828623612442804
CMC2	0.38164085	0.45304987	0.52398014	0.84987813	0.5769285	0.7195223	0.37919894	0.7728482	1.5974122	0.8981763	0.42082918	0.4012236	1.0240445	0.6675268	0.49761596	0.70031875	0.8155928	0.6910502	0.6634449	0.549703	0.84322035	0.67161185	0.6636001	0.1351519	0.27897168605037465	0.3579715954827328	0.6851543540548438	0.47319875335384143	0.5033254926044421	0.46761695981549395	0.7703925079754202	0.5531223402757438	2.139291758045047	1.0800145289202232	1.1115560790986938	0.6527462730505336	0.8652562883422659	0.922677962768254	0.4338464741686018	0.4202099922676511	0.4168215443896779	0.44673604667311506	0.376512735128368	1.3866865033907712	0.5083852148641748	0.5080992443287766	0.4963129703769041	0.6401051666187978	0.45959559566815245	0.4716083418037915	0.5666097112760176	1.8314224936745382	0.8084109974582878	0.6875872083855495	0.4972249937940953	1.0554149781128834	0.6023950685574061	0.6672613920251321	0.5008910556796827
CNEP1R1	0.05555979	0.08992372	0.023946242	0.12766282	0.11396693	0.12461765	0.17603488	0.19268458	0.14589784	0.06097908	0.15747684	0.09380147	0.0681339	0.12608066	0.16207826	0.015039133	0.14847916	0.5001795	0.17847708	0.2209907	0.11550137	0.06199189	0.07947314	0.014750086	0.04089995224405122	0.07744333959117765	0.04860511439961591	0.09018087945835229	0.10367942223036525	0.0674538243608746	0.31761807649060836	0.13851515710060747	0.13672857414426529	0.10273014533361212	0.15192815307926888	0.03464894302300535	0.05438721629740102	0.08795759572184145	0.12701693970111894	0.1979246536977377	0.09655697494111562	0.10023439763983877	0.0734002765260138	0.18577995295904381	0.16444602541563721	0.19004739041849522	0.16435998978847616	0.3308230127404651	0.30421830799324967	0.16839438952556657	0.1590768535595448	0.21241380394279183	0.1019292553981059	0.09439688257589994	0.034514126344618444	0.08911778945407521	0.10906534722892978	0.07666247947697175	0.0
COG4	0.1081987	0.20697705	0.13879094	0.37185314	0.28079268	0.18935305	0.010446841	0.2111607	0.23953247	0.16378093	0.109363794	0.27938455	0.08018608	0.6529296	0.13163424	0.1873045	0.04919965	0.1383483	0.17250656	0.14261708	0.15496781	0.17814147	0.35131994	0.01786214	0.07544501409662643	0.08398561950362085	0.23859317104455355	0.17072738488611894	0.25524410547032195	0.1828873851061899	0.2638175024901118	0.10225353418798137	0.2980260752345862	0.22103395691631034	0.1347001864387945	0.15814750097765215	0.2008036059319267	0.14997909345063082	0.07910528671806291	0.09240251997624162	0.22997041858000808	0.432366795905886	0.2220625219010906	0.1742405850835908	0.11273543890839977	0.1277410207186472	0.119867611723764	0.20129451180496746	0.17573598876139176	0.09015836361458043	0.16678644076760596	0.3123668738773891	0.13494744634356484	0.21467095708452613	0.122904922770957	0.17246725094128817	0.14340498349061995	0.17602960418306532	0.8177807973873402
COLEC11	0.0372254	4.4194393	0.028651506	2.1358166	0.16378018	0.025368601	0.011104408	0.03043971	0.024355669	0.13886864	0.006692028	0.17662196	0.061302885	0.0068767616	0.006929636	0.0077183484	0.009580981	0.0039764196	0.01772402	0.015564049	0.016836263	0.18913993	0.6101462	0.26052618	0.06670084624490545	0.010560167376663904	0.0	4.867853144449643	5.690688106273718	4.418607420634032	0.005015469088998757	0.059430371993529796	0.0029852209526124874	0.07038812829034706	0.004206035286188126	0.1273370397829448	0.4303216392794144	0.11332556925383694	0.022312088684277073	0.004449924504772577	0.02022520470120425	0.4956045471879549	0.1658010597250973	0.003502647252105918	0.03594381797992428	0.0	0.011660171034022601	0.01105589705680493	0.00641494623098639	0.032329736484867755	0.010657278016071777	0.0	0.024253946143795127	0.002610244291618224	0.2142819908377409	0.20110957318226635	1.1647409589481394	0.23869455435880943	0.0
COLEC12	0.014526444	0.040983345	0.0009900955	0.08272793	0.09034884	0.91851586	0.39434752	0.48759237	0.0152835045	0.0062009864	0.056980852	0.10581817	0.0	0.045682244	0.029846009	0.0013075003	0.071055464	0.61304855	0.27254865	0.52416885	0.044367038	0.013390523	0.029275676	0.0018132221	0.031020261337435923	0.004507925023765821	0.0	0.05009460650126342	0.02458365931174027	0.02124869717460904	0.7759125218039584	0.28581821276850544	0.018598643386511012	0.01835192016107461	0.0	0.004549588639925547	0.019905924406802937	0.01816788829606155	0.04996952025614658	0.063267380534744	0.06926038814364191	0.09876577717592747	0.06991449006870487	0.01890793811376753	0.03651580260471379	0.07994703467615147	0.05274328278248606	0.01820108660023996	0.5145284094129361	0.24592366000239574	1.0492061883259889	0.0	0.045455115104932324	0.0040537525447684394	0.015974734558035456	0.016666839523723057	0.048172143362572944	0.020479553905586406	0.0
COQ2	0.07982979	0.062232044	0.10182051	0.30401698	0.25834283	0.5212203	0.3754311	0.6383809	0.19470525	0.22531268	0.1526279	0.073588274	0.022682566	0.19675565	0.19742563	0.024265613	0.12147652	0.43302202	0.2534737	0.298683	0.0702947	0.08330746	0.07141416	0.03223164	0.030467398027549768	0.1296634315706428	0.166747554399295	0.044810659977152986	0.08320988544827759	0.07994501768218211	0.5961185327334142	0.388270619159552	0.24142711537074643	0.16598914880134763	0.1051239850958795	0.21804877814072374	0.1612431784588867	0.0960079726327229	0.11335790813791083	0.14755039944181095	0.057322688610250444	0.1125528389060907	0.05695273654008624	0.30576306598151576	0.1555860625045889	0.25899660426076454	0.2061482356489021	0.26887093788202937	0.31195660728494634	0.2777407209003086	0.2653199353400257	0.10535128488169089	0.06327715968826332	0.09836661278684297	0.07312798710666482	0.057450442727996216	0.06478793654223279	0.09877830501480944	0.07514982296274918
CPA3	0.04297667	0.01950508	0.011930969	0.0	0.0	0.01163616	0.04212477	0.06689864	0.17914906	0.001241114	0.0856483	0.014487855	89.41487	0.014973279	0.14885227	0.0015251761	0.0	0.0014724506	0.08860952	0.011615625	0.087201126	0.19557557	0.013104776	0.0	0.11797988843724262	0.0015246367131218066	0.025053909330657032	0.0040342761347041045	0.03294731473554989	0.0	0.0014085915353563095	0.0	0.3294638844001944	0.021769928604185567	0.18142600608082998	0.00652531779908013	0.00038059307669688634	0.0	0.0	0.0	0.0007597638718914568	0.04241606413599956	0.01118551344022586	0.0481335990672148	0.004229066774785684	0.003511822918086376	0.14011639307294918	0.2908869737843155	0.03795617015752152	0.0023097371120080062	0.0022426415641384344	0.1867064606059681	0.0669997414290415	0.13987666303423615	0.0108453724201606	0.5402835576233531	0.0016709080189381725	0.028911902042681216	0.003413913070514638
CPSF7	0.14276503	0.2684125	0.3680284	0.20809229	0.24428207	0.19971955	0.8359846	0.2432234	0.2651149	0.24330251	0.1616729	0.30216852	0.06552682	0.17035192	0.24861026	0.16861907	0.13359462	0.12547292	0.09439147	0.17679837	0.22009715	0.18790154	0.2639179	0.2344239	0.13025175588498722	0.20980220108238307	0.11049565373001413	0.23917982577563252	0.2320220900396793	0.1727991324676552	0.2621914749502324	0.1181093586298928	0.3131450764232314	0.21886936699207427	0.4211883100297386	0.12269137385777658	0.2005115388027143	0.23264203729300664	0.11975935986802103	0.21821243433598356	0.3702515417338756	0.3159566593416771	0.23551104717304483	0.23800612509023159	0.17874949388424588	0.21467624396574317	0.16808912688143426	0.29768351699407225	0.2303728832851314	0.1427392249838789	0.15179074755340927	0.18027676390363026	0.23523223580307262	0.22044317481835815	0.14866406120702683	0.2275288863954712	0.21179707933072148	0.13374407604342173	0.8019139197753483
CPVL	0.09240417	0.0510388	0.1085689	0.055683225	0.1008627	2.4719224	2.8447661	5.3838434	0.13729581	0.34618196	4.541725	0.12717253	0.15922406	4.909746	3.8391476	0.12014655	4.7084045	4.035121	4.1433744	5.010569	0.19508356	0.40881222	1.4400198	0.16273847	0.13664904924945614	0.08169323625438278	0.07484372506378577	0.031430814054004136	0.049056458991205955	0.13412199507872555	4.52069071471473	1.409737331792271	0.04540567907150969	0.33960716552572684	0.04563895733665657	0.20350005009756805	0.6405585065655307	0.15146393649683795	5.463371042301368	3.22609911398557	0.23136615908691277	0.14780865015187533	0.06676905350328748	7.336665115779143	5.913154651214011	6.735587529513296	2.5493554027958067	5.223966671005075	6.92777222544581	3.217654884643661	2.799759977766325	0.9859540121895927	0.17840797706770367	0.01170582137225725	0.29326881384494596	0.6760584108227347	0.18973056116090378	4.558645479783119	0.058975151437855186
CREBL2	0.07067286	0.24638765	0.5254232	0.20191787	0.18556589	0.44281134	0.5521253	0.6546916	0.20137516	0.21877491	0.75098324	0.25220427	0.07279051	0.43922478	0.35921624	0.076565206	1.6616428	0.92677385	0.84631604	0.9349171	0.2377841	0.21967252	0.21024895	0.014147361	0.08349551348178354	0.10295621090039217	0.035272863484807904	0.18247249439123958	0.1473025518803338	0.15067830968704582	0.9526686302507592	0.5301119149896661	0.20704158967318143	0.16666986303412804	0.18444521403947103	0.14587172156712655	0.1210638859324804	0.30103609573664925	0.6331459268414905	0.4614220596856132	0.20981717934430638	0.2785182110622808	0.26447794120904156	0.5417541389403778	0.6419822134376594	0.5171945594573069	0.4025226583660736	0.4011505799646288	1.219652886971715	0.8008397805641074	0.5296787690069242	0.2820731500526527	0.21001119613706282	0.17512555972703758	0.1847257552459637	0.20392587660944583	0.14461226027534327	0.3027438137156477	0.24416904536685605
CRELD2	0.72001374	0.42685094	1.5167525	0.4888059	0.5217734	0.5139258	0.30363137	0.43454438	0.63094914	0.81474733	0.42221865	0.47376385	0.046803564	0.2362452	0.18476579	0.5730809	0.09172049	0.46334115	0.22333837	0.33477956	0.42191976	0.5375521	0.50456256	0.47914004	0.9169219850034808	0.37287391536100123	1.5820706298818863	0.3234089152343688	0.5239193059677564	0.34386181795201803	0.3537897572412096	0.532320218272157	0.5654622930462395	0.6181465523126591	0.4901813445553918	0.49400675777777336	0.5685385292413372	0.795987722086789	0.34149952427682134	0.2154310154150483	0.2984097253913774	0.5145785625657922	0.4206002287720596	0.21328229503425072	0.271359944261865	0.3863417945291723	0.283152836553997	0.18193555696343183	0.24016111048641275	0.38296515741845644	0.389500951503418	0.3667713035236706	0.4457622277447892	0.41372425768737936	0.5797510461330568	0.5183474180552212	0.4600344156041771	0.3634735774051189	0.22689232915459392
CRNKL1	0.15928301	0.17113996	0.17173122	0.10538185	0.20063272	0.19527027	0.13493113	0.19804664	0.30366355	0.48642668	0.19246317	0.26209807	0.34029385	0.14691338	0.14344373	0.25257382	1.0152049	0.1836659	0.19527406	0.20915122	0.2718489	0.17996238	0.32718435	0.036060385	0.12498240332539397	0.2125038239175244	0.14514180294812803	0.1445147551106935	0.21647342665294333	0.16300525499439758	0.20823366466974466	0.1322043020013006	0.2791314059290637	0.24453950629612986	0.5041069756771759	0.17699711821559705	0.25245417658432023	0.18935462688577587	0.1353238009951584	0.2296196182952943	0.34402758608384665	0.20933021833120968	0.18030938333522123	0.28537315242901995	0.1406744361478184	0.13186660517490661	0.14706218936124726	0.28267054927499824	0.27354893171965283	0.1390408316798344	0.17028287472202913	0.2998314907024433	0.2949511215955078	0.23856063208190872	0.17664210052460302	0.2499768024334503	0.3038325267841785	0.22321748991005377	0.5497974289670271
CSF1	0.03103429	0.30082074	0.01373175	0.31543934	0.13178922	0.22318204	0.10017188	0.14077601	0.13932343	0.076782346	0.09155608	0.16015396	2.0599546	0.068890154	0.04228903	0.016238047	0.20150167	0.103383616	0.12722686	0.13408521	0.276746	0.14899544	0.2737181	0.0005613101	0.03533613336420045	0.027678047041366085	0.022388450183642494	0.3103793687173773	0.5002274613147871	0.1766441912828469	0.10143661039626034	0.23728694759708202	0.09129727145187949	0.0917531280877499	0.28446447334321645	0.06639400138188013	0.3011988678292708	0.11385815589885995	0.003808191889563563	0.2591362975160168	0.2721134897548981	0.22088369859684975	0.10914413081254593	0.004953833408810872	0.1492469525380672	0.012907404035011437	0.06630112464413536	0.003050977471231044	0.11815087586522968	0.0721761487819197	0.32851995912619475	0.08151787349155971	0.35885579543110846	0.07395346729050266	0.11872961305347657	0.07010813492397058	0.29073978553599855	0.10287707419089398	0.8528356502100617
CSF1R	0.028533628	0.0233591	0.007240645	0.025415534	0.08540504	2.2843273	1.491998	2.1748865	0.08658178	0.061134707	1.1466943	0.06352555	0.06406623	1.696013	1.7213106	0.055947024	1.7730099	2.5137815	2.4817126	2.9173586	0.07575843	0.116331354	0.16124913	0.03465164	0.029363848900201318	0.014424314162907488	0.02531356624301957	0.020969696591581297	0.028266188754144914	0.04735976674516592	3.2428045126288474	1.462279490327519	0.02563112881209536	0.08416277278290762	0.12087719626969862	0.02919881526517874	0.014858241732765691	0.05632156769336738	1.6763703653186124	1.3474491389024472	0.147474742003182	0.015302089658283481	0.039770859765038274	1.8901105223159456	1.2972545598502188	2.6404643743701617	1.5441372693250681	1.431971479662713	3.6722077727855487	1.997723784336067	2.4067170653331815	0.3395421415180355	0.07394050476304102	0.007311081219719126	0.04834877550915097	0.041448370120512744	0.11610916683423173	0.28779721517600243	0.0
CSF2RA	0.07489854	0.009578074	0.0068227015	0.013968818	0.02506381	0.47330695	0.32469016	0.55226177	0.033267945	0.008566857	1.8071135	0.019134415	0.0749229	1.0622172	0.84140736	0.3399981	0.7011037	0.60634756	0.73693144	0.6022595	0.05554845	0.025026556	0.26982564	0.58851606	0.05513107194451407	0.038449389058384194	0.11435509732056244	0.008885093467719117	0.00747709568422273	0.011461194365256201	0.47526918935994517	0.6084350801068628	0.00924911132684286	0.11321792344630259	0.01747044462424058	0.01028494316221537	0.01452685026600609	0.014663478423809183	1.5902645312744927	0.8000093376368252	0.04599512208016248	0.010602657220129392	0.016625731499733343	1.9182920102659384	1.274258139051379	1.1470158175130727	0.40275162654299484	1.1082248977017215	0.5571582931933281	0.6183538733892044	0.6137068310873669	0.2873304326812942	0.04481561813605451	0.0017551706147337597	0.02768472082951616	0.030983738313528946	0.06725497496553944	0.9030927187052928	0.0
CSF3R	0.02966394	0.01464074	0.008165124	0.0081692515	0.014447814	0.2857774	0.17407434	0.32189903	0.02062831	0.032238495	0.54966784	0.031223625	0.04083882	0.57756835	1.4515046	0.082257	0.12415756	0.5415861	0.46412	0.5368105	0.042666223	0.060206838	0.4348805	0.036187734	0.06919458871123035	0.015990192290088523	0.005363578925479689	0.001204495267510189	0.010289248670647122	0.03713433693324571	0.437273170779043	0.1756578218296433	0.02133874610256113	0.017030139100210246	0.05390639951068418	0.013970756800144176	0.01092873707498111	0.16816214857430295	0.7030026920763788	1.0237020689277332	0.10997315330457522	0.010218472899617376	0.0035752422647994447	0.48454779037226026	0.5480119286081909	0.726692243903023	1.1422446798035522	3.534567211431301	0.473002686637757	0.4139137392821476	0.6480548448034944	0.10181358727541837	0.045374929368541594	0.0028550707759035336	0.06464268451152551	0.06326110808510962	1.1400845061377944	0.11252863365219028	0.0
CST7	0.17369959	0.15933394	0.14712735	0.12886839	0.13303605	0.15895168	0.13973561	0.23619795	2.8752167	0.163852	1.0749605	0.14088714	1.4705065	1.089543	0.518886	0.11731258	0.025072645	0.2052397	0.19253616	0.16559571	4.387908	0.113475226	1.8626515	0.09176675	0.1854910245553126	0.11899745411184841	0.36336402823445013	0.06438508272490967	0.10637777070597237	0.12465350896011251	0.21339933405132008	0.19982954241226467	3.380221885753319	2.8399019232632843	2.3177788070026546	0.13317776866627315	0.03503171966248011	0.06844622319555047	1.1733633561581642	0.43743252741861005	0.1332038550381205	0.22479931799201203	0.1467399851861806	1.6567684802051805	0.5321394698113097	1.9778517999019638	0.30802341114711096	0.7329247272870996	0.15666327908785332	0.21932476273676663	0.1602531190090593	3.9327284007877497	4.831584602079078	3.7096802584598976	0.12546021333652288	0.11472184765791721	4.768076487515662	1.114287765094719	0.41403767662879704
CSTA	0.053682826	0.039301056	0.10092763	0.10558114	0.034410626	0.9856515	1.1249822	1.0593431	0.09525831	0.49163175	1.4355618	0.038147006	0.016192647	1.3263075	4.4854717	0.08516756	0.6547979	0.94920766	1.2289362	1.0285811	0.14535913	0.410638	0.3204394	0.0	0.1327235451015851	0.014757705546216316	0.008886803628627822	0.019349049619322413	0.03078242342599995	0.07619509430002713	0.9689660284144138	1.2553074551525127	0.05438890728949436	0.19702310336060433	0.0034055404927859417	0.8717167401038943	0.33236621792477883	0.5762308158310763	2.2181312946047425	1.5248880897930077	0.027516354944885673	0.030588876974882245	0.020577967052295833	1.842191736415403	2.168942482679574	1.208358652591746	3.609842005414678	6.990091581571385	0.666801275423099	1.3261208990940934	1.1050773008146182	0.5187254230697433	0.14796755573447326	0.005817689711677816	0.7188971935568516	0.11731289037091298	0.10610390023204894	0.7413441871160458	0.0
CSTF1	0.061389174	0.10041022	0.24363431	0.14985748	0.10549278	0.10447477	0.15371332	0.15997115	0.22349446	0.1732682	0.047101542	0.13520625	0.16318175	0.6551447	0.07216991	0.055549674	0.06298883	0.066510156	0.095623255	0.08954509	0.17308393	0.14316727	0.19910043	0.069970235	0.07470375319209602	0.07590225550703752	0.08618881559597147	0.1223069382086407	0.1087949985048876	0.0958524412584559	0.11061800373057457	0.10761426951776736	0.2895886036349067	0.22210478499911454	0.15770938435125675	0.15649817351755554	0.20017278298776367	0.07491673107804923	0.060573729981370526	0.11141825941239988	0.11111638028948988	0.14159312486221504	0.1454695187821046	0.172074922079766	0.09774766715634958	0.09905592572829565	0.07575806172455135	0.1052309714299759	0.10577749030458342	0.10152825564025934	0.08070560440961977	0.38421529299252993	0.1529495904257605	0.1847625393778824	0.1100608842276133	0.18906790541211738	0.13304661843094034	0.12843755962626582	0.3452759191512826
CTSG	0.025571262	0.01033767	0.00036378132	0.054431174	0.015713952	0.053761978	0.0	0.09521287	0.17455153	0.0151610775	0.025002634	0.0050705387	22.174232	0.0045395377	0.054569654	0.0019150492	0.0	0.032896742	0.01597076	0.02790547	0.040333755	0.118330285	0.006563953	0.0	0.07288688101440899	0.00010438645297083363	0.011811734148950287	0.0	0.030032019209274556	0.0017404684475985778	0.0	0.000683124330672589	0.376076184597901	0.0004994752717592863	0.0025198056107073757	0.013310190783170707	0.0018417659567462074	0.0	0.0	0.0005666984313493023	0.0009357923347699015	0.014512671759999252	0.004097117959437998	0.01655792363117196	0.001031918869124225	0.004223864831400048	0.05846755083869485	0.12018289967971743	0.01892372268623451	0.0007665214782600506	0.11026697124488005	0.03464575835636684	0.03640595197315705	0.07873323949780243	0.0023020309710821097	0.3344861213121316	0.01360837124456599	0.010282770240198255	0.0
CXCL13	0.047468234	0.02738444	0.8652122	0.01999201	0.010612331	0.0065328577	0.0012149487	0.055763505	2.9429743	0.018905187	0.012304045	0.030212516	0.0	0.08301024	0.029042369	0.03219086	0.0	0.018187102	0.011163963	0.019551078	1.5758466	0.032885034	0.15542357	0.0	0.02604852012740368	0.11451324526497823	0.02777721837490747	0.00028894096555392415	0.007166786253575028	0.014073015977468838	0.0	0.2293103075443825	4.390989820707063	2.6008718040799823	3.322959010127824	0.03723754768012987	0.06916658856852072	0.0	0.014352805707150857	0.013892094273669485	0.06265174301443982	0.0	0.026468580367726563	0.039623674492471506	0.0012816151918796951	0.19462182028526018	0.03575454999861155	0.04463851325986634	0.015785281983257925	0.02321784063098672	0.03101372413817055	5.18158032305829	1.5548328389850627	0.6333558247015344	0.0527077741023388	0.024218630719288762	0.05452085334944492	0.610886823749896	0.0
CXCL2	0.98401904	0.7150313	0.3249082	0.33043483	1.4730277	3.5020478	13.317101	3.020782	0.5200904	0.8527004	1.3777403	2.5496874	0.27970153	2.1927595	3.9062724	0.79485756	12.802897	3.8348584	14.875166	4.7665415	0.28479335	1.6056025	0.9518938	0.41458163	0.7043318757295514	0.18101465009169726	0.25421902924716483	0.4116069036827072	0.5515892014259982	1.1089352391809044	1.297419102543493	5.15223348378285	0.11161603875523514	1.0255192086671567	0.16025836563664103	1.0461298561915089	0.7988812003561276	0.7779996402157938	0.4647137170798945	3.4954575679667736	5.438972017665127	1.748093785962081	1.8230512595348156	0.9890230482108402	5.14152217684259	0.8514540822065464	5.203013550363627	1.6317934665983573	5.22592339482561	5.72745208121343	11.585546697828507	0.17363906216311764	0.401180386427486	0.018330182916571007	1.3964529465117062	1.3232901366126986	0.9512591119668125	1.731512722648194	0.0
CXCL3	0.2248119	0.48063645	0.21829334	0.09851608	0.38672736	1.7417158	14.167923	2.3267114	0.31957525	0.28243726	0.91133094	0.69112396	0.22216074	0.85696447	1.9450101	0.5323822	9.997986	2.2687309	10.993139	4.2386017	0.20529287	0.37016293	0.25403547	0.10839305	0.5531912241482692	0.030784874606393182	0.006422310616030838	0.24509171306198432	0.19342617271523008	0.512038825658542	0.9739170128847885	4.2871202785308045	0.022032642157221383	0.652650410808478	0.05830428990454198	0.7554914153054595	0.2166791504137893	0.17184849481277276	0.5384037361415651	2.807234558222369	1.6302260870308505	0.17076210731373553	0.6656853905229766	0.4860027449693045	3.119994392568918	0.3404205899455202	2.155557309404034	0.6950828534477834	3.949369467159759	5.592823302105821	10.890838839841457	0.0	0.303318429904104	0.010985681649388299	0.6034779810296099	0.03091696547778704	0.18685766549438404	0.4023138873803891	0.0
CXCL8	1.155389	0.7531044	0.3611189	0.16196027	0.2510176	4.705037	20.202078	4.177906	0.766663	0.9134854	5.1300697	0.7307141	0.3959413	5.9006867	11.290124	1.566955	20.736813	4.140469	20.33101	7.245031	0.55067223	1.1863596	8.614082	0.3084018	1.7304851281888234	0.2219101023630169	0.007606721771550058	0.5134384004170045	0.38145571598072386	0.8341378166635923	1.897075895376743	5.990674021611676	0.11116062560804325	1.3383083049849092	0.2812650073640289	0.9920523019529851	0.698681313853745	0.5537167088738804	1.9717591872853384	12.049030784079005	1.410972901760704	0.1487277234967802	0.7979291435500727	3.2064911574008	16.22690865202529	1.07163475504159	11.88880895849474	4.50454224868786	5.5516483955924985	11.739045581269384	17.360580539964612	0.0727541446685791	0.79864314932265	0.017774684470542354	2.0596478197843777	0.11152172560520315	22.482980487962077	2.041833235192422	0.04614876422403534
CXCR5	0.4298858	0.0017335443	0.097261526	0.0	0.0	0.0	0.0	0.00075083476	0.01152986	0.00044685797	0.00086688856	0.0012265646	0.0	0.0020500382	0.0002547973	0.060587276	0.0	0.00086625264	0.008735229	0.0013346719	0.014812723	0.00037678686	0.025508573	0.0	0.0655379960674394	0.7358462102582699	0.41046818448810357	0.0	0.005200632637546909	0.0	0.0002510690596855355	0.0004328709678081957	0.011001412787122683	0.027220260408055183	0.012411526982424082	0.0006244028010225556	0.0004090729531813241	0.0	0.001486546714459696	0.0020993279807249928	0.0012467137985759363	0.0018698763295168677	0.0017827538656380215	0.0007769959198461997	0.005719055401126707	0.003549396518677	0.0011550812011069439	0.0	0.00042767147047996235	0.0010169452659548033	0.003099850820637775	0.0	0.014029176877623874	0.029226889138639328	0.0001504595271352218	0.0008231824541848802	0.00762569404345406	0.1029088948398204	0.0
CXorf38	0.15144405	0.07597208	0.056333236	0.12985095	0.055286273	0.127732	0.079704605	0.33470708	0.25296536	0.10507274	0.20756173	0.17471269	0.05394403	0.22395891	0.2770831	0.12107843	0.11788012	0.26290575	0.20113082	0.2793396	0.2322808	0.10970638	0.2326813	0.11171788	0.055796729995717234	0.15611705277286503	0.15822870522202134	0.10112980550866545	0.0762088340621532	0.0557194489447457	0.3382665847600393	0.18199924383116242	0.3037858449927709	0.11638447649141087	0.5107397516231342	0.05240487161584293	0.09509168615247557	0.13892347477926997	0.20097728135334592	0.29399984674056784	0.18044308659131766	0.24814627444434742	0.14839258323385324	0.291488296921452	0.23268662588840167	0.3359126025918514	0.20020783973064088	0.606195468547192	0.33351244228684274	0.19327644863498034	0.23619551123673463	0.44921116085795615	0.22414520579929426	0.2106336968112412	0.10143158385900768	0.144052062194959	0.20854313528229515	0.17986791422398088	0.08638581168168812
CXorf56	0.040996026	0.12134334	0.48809612	0.062974505	0.03240483	0.0791411	0.01752381	0.06542234	0.07101709	0.05005141	0.09874626	0.090726286	0.009258778	0.1043254	0.07600832	0.039748132	0.07782659	0.048999872	0.10076139	0.07343072	0.10139136	0.06633296	0.11768434	0.020011231	0.0675480088704964	0.06750648486624199	0.028357500963114776	0.12975296898517683	0.1295812316655151	0.1142366505764534	0.10600569756312118	0.09277427521012344	0.0685761030193777	0.07907011148981381	0.19164835246939604	0.09605661595081327	0.07891107390467968	0.018996902580918937	0.059920999186499284	0.11173574286655356	0.12597395884178975	0.09884664698710763	0.07827659786154575	0.10568767635778745	0.07064163526905881	0.09383593850054407	0.10165031218520496	0.09333402449093076	0.09907309182784119	0.06319342099141954	0.06314038664441404	0.06747339065972861	0.09357374990922304	0.09337025675721772	0.06945546133539923	0.07869435812140656	0.09913972400141571	0.12153604696960633	0.2695906729598582
CYB5D1	0.035168212	0.04782121	0.020142669	0.0791929	0.08885673	0.043111257	0.28115875	0.0761527	0.028072815	0.027922798	0.061115008	0.18489236	0.04025094	0.05032201	0.12194197	0.0016042424	0.607883	0.089716576	0.19987445	0.1487147	0.02808677	0.026783997	0.088139676	0.054866	0.02743894564030951	0.02265387649850848	0.06272843900648559	0.13056195984171348	0.03339884866723258	0.04996528987537219	0.05768983402671839	0.0602954401064739	0.021223977886702584	0.03643665034614179	0.06243634218636674	0.02611634183122684	0.032733578793794925	0.0144246635472246	0.08384416362947592	0.16411826570882673	0.410881833512831	0.1183435792893349	0.17029923014183712	0.0017697110369398787	0.06615113203499084	0.1528945979379403	0.18602261858815372	0.0	0.100805027016562	0.13267472038787922	0.2791536140290517	0.0	0.03634277453639266	0.01981423337994407	0.0343468583511243	0.016752151756895237	0.099974549590817	0.033221602920126596	0.1890789128100283
CYP2A7	0.053100515	0.011935544	0.046787575	0.05627059	0.0418635	0.038790755	0.30166793	0.054368485	0.13828917	0.6032335	0.018883571	0.026108826	0.07090187	0.060278825	0.07829837	0.059780277	0.18009461	0.056335278	0.05249504	0.05832256	0.16747408	1.4861275	0.3696372	0.0	0.03679676425727095	0.017321573934054795	0.0	0.005288549086002918	0.0	0.053890737128974846	0.09296177728245437	0.03658448816179395	0.05659598566567773	0.0833421675756238	0.00814374660452207	0.6584848199189555	0.0015859508288962505	0.032954011644635885	0.03669518336551566	0.03038688428678006	0.07789170343897761	0.0	0.025407539162415792	0.09437396736171455	0.08746377141540838	0.0	0.02006610556136848	0.020419003819130983	0.1172006576640617	0.035780887283024906	0.0	0.0	0.17076646247110747	0.0	1.266212513263178	0.017601755478866454	0.3111959583845042	0.5390088067801976	0.0
CYP2C8	0.05791282	0.018743232	0.05465389	0.030570226	0.028957741	0.08166677	0.2223829	0.08876815	0.086471654	0.5160059	0.042771082	0.080730245	0.20159921	0.068464436	0.057466615	0.069314286	0.24696562	0.07748504	0.052912883	0.05780855	0.094179116	1.1922576	0.2682945	0.0	0.13292255769693295	0.05692665934995254	0.0022868595752619245	0.03279622727126876	0.004172723965356814	0.05528373285650103	0.057572939333904435	0.040252471842489514	0.04223588383594764	0.08652724214364738	0.007463692563824949	0.35006422073941906	0.07756674446042534	1.8988627842494419	0.09458147146351224	0.018316341366511345	0.14311382843077644	0.019956170131801176	0.04506698240707028	0.09624099425984872	0.10728010273625437	0.017535368967715497	0.023286022620655423	0.07685919550144826	0.11217315765597367	0.033133445586336706	0.0025423397831101538	0.03152883393423898	0.14964592118438438	0.0014026654492839835	0.947589467885433	1.5206574881224335	0.15024728097235002	0.4791143337562885	0.0
CYP2D6	0.35849765	0.30796835	0.23782504	0.09034026	0.17891195	0.5003494	0.17716193	0.19979043	0.35834163	0.8849961	0.105097145	0.35206038	0.12058522	0.042974237	0.01948125	0.24308276	0.47391826	0.267886	0.12035477	0.1345267	0.38787776	2.0540948	0.6401258	0.0	0.8556176927860332	0.09753183029440095	0.0	0.03848287704557191	0.005033015650614785	0.1426312189503165	0.08634977412142458	0.4980925938396797	0.08301017022303085	0.8994821742219371	0.02142210766277482	2.8659581667959384	0.04748286527011213	0.9734740629572	0.1677729603394571	0.012889578486750795	0.020327416895985908	0.019565899773568717	0.13354488316014324	0.11159990707739087	0.07105674710335917	0.012128125086439847	0.014839630235600101	0.057974781427899094	0.06927855389250234	0.25008330907482157	0.004299759690890496	0.18034929640881428	0.519767111906426	0.008039890755720354	2.3025696298166003	0.8187059835022061	0.1066494751031678	0.7663405428854788	0.0
CYP2S1	0.0029992023	0.004047858	0.00059442315	0.0075372346	0.005665712	0.09954973	0.6200245	0.07378102	0.016427286	0.0040395893	0.17562641	0.0077867582	0.006187844	0.18352747	0.10903858	0.005056434	0.013408793	0.12502304	0.03967876	0.070397206	0.0048869047	0.0071272505	0.02514844	0.0	0.006882516812703499	0.004492299421487099	0.0	0.006902851575542323	0.003549739345877273	0.007554349230638102	0.06808306114802218	0.05095643750926628	0.0	0.007674921472424649	0.0	0.012229245497646354	0.006417266829178191	0.005123078309256455	0.19493317484375064	0.24238204600713054	0.005502353415460696	0.002861646124282041	0.0011059514316765864	0.1866171412446135	0.23155045535793345	0.35276830431335915	0.057633940070057045	0.04934392165090556	0.07851964313189032	0.06744409052654185	0.07093524858066325	0.007522756712777274	0.006440048755060858	0.00040646134986784563	0.005507007996940583	0.011638847662893267	0.007814585426022525	0.07486893064858391	0.0
DAP	0.33073482	0.6839234	0.5041892	1.4732585	0.59099436	0.53835404	0.2232074	0.49503416	0.3827965	0.718443	0.39774176	0.4790151	0.15733844	0.36558628	0.35233825	0.41884226	0.25191766	0.35361084	0.2686914	0.39287835	0.31461555	0.7733283	0.43323964	0.1604342	0.2646105326773142	0.26837651963182996	0.47058776860036167	0.5022716986227025	0.8799525325786767	0.6624523701723457	0.5403236255267141	0.3892627573601842	0.40314232559978225	0.39096807146036633	0.2816619854652884	0.8873167673685841	1.2415879218542965	1.0381832423468529	0.3952810745801764	0.3926709559607757	0.360060827728255	0.594191958720822	0.523612957281828	0.5987822174899372	0.2914055929848176	0.44641064316656887	0.35655672714831094	0.5793069818981932	0.4254866741635865	0.35926338423340454	0.4022729252203648	0.5379237571319977	0.2499863435623836	0.26442610164552144	0.7029722656450095	0.8486564278873623	0.31359432887928856	0.5074517978845592	0.806291893079864
DAPP1	0.5494586	0.013020503	0.3043198	0.008724314	0.009937629	0.22634193	0.06475993	0.3050894	0.20568042	0.02739501	1.6905962	0.01783102	0.11538541	0.703731	0.52184904	0.6449947	0.36232895	0.27220678	0.26023954	0.22454743	0.17035177	0.013850411	0.39344442	0.5440093	0.21149212354754723	0.7527998444979757	0.6913028764372462	0.007202409433250059	0.020255861876106552	0.0059692680784215295	0.30606019360446624	0.14794216697418078	0.2230765004019939	0.152930715391707	0.3650094386064707	0.008451855074293645	0.010040163309717619	0.03004806558486863	1.025124047909752	0.962019948028365	0.04718367645217252	0.0015383010759867197	0.016068466875353758	0.9126835081540703	0.711399041507312	1.0414634677650825	0.4358968722459551	0.75564250817474	0.27368075845612455	0.18621361791507351	0.2280969251207672	0.5048024115624367	0.16602731324851547	0.10495176709521777	0.014382704387558768	0.016637175150562684	0.1533983574942777	0.9096444898844156	0.33602544751306973
DBNL	0.8191472	0.59780824	0.9126605	0.70885473	0.54299515	1.0423155	0.91765356	1.087307	0.9064226	0.33149296	0.9772226	0.5061951	0.69637215	1.758198	1.0694946	0.3185525	0.6480882	0.8874687	0.7331891	0.9820884	0.7071104	0.39984038	1.0470179	0.93595517	0.33689912937528405	0.9735501700380331	1.4485540744504892	0.5054142483105738	0.6345273715284095	0.6100718784167852	0.9098548451828989	0.963646268159148	1.0837060652955395	0.8831004366808615	0.5970110188664993	0.36939677589879577	0.5079655142825427	0.24340604890156262	1.0525980340260417	0.6647463117548327	0.3685510988090412	0.6232037121089782	0.5341233439104349	1.0886880850964211	0.8637283685819774	1.465599344312124	1.1469576011820763	1.2385011909188521	0.8179625679461489	0.9447401536305928	0.961875592870715	1.4099750196778928	0.5320255813412861	0.8323262183464731	0.31104186405779893	0.46790577644123243	0.5462229039619789	0.9717353971087216	2.2334422988020943
DCAF12	0.07712966	0.16533448	0.09473358	0.12620664	0.28661492	0.4353209	0.27710965	0.48412472	0.17565937	0.20725691	0.19423799	0.22541708	0.20390147	0.21818267	0.23472714	0.08670277	0.1277542	0.2790425	0.23383734	0.31408402	0.16761093	0.16763917	0.38737988	0.25897956	0.1282827149607274	0.025209716533711242	0.08079177795451263	0.13390490917690426	0.16305451998142323	0.14818747351932288	0.5550444632191277	0.19935569486119883	0.22465500099191893	0.17367494792230068	0.15583847165049763	0.1346698414251538	0.23389092510558823	0.19150799377798447	0.20006268462739385	0.2226221643688005	0.24348833831958247	0.17572926391255944	0.19082389241048292	0.19417320658433462	0.19212822584686018	0.22054745467772519	0.18980862905135876	0.2724967053473936	0.37123157743058144	0.2447200368815767	0.27648196473826725	0.17392538491781656	0.15271819629233152	0.19760813147516823	0.14315685750754514	0.18440816027774	0.2072972696044631	0.13351181313080518	0.8909529393825169
DCTN1	0.12787569	0.35089493	0.2675696	0.4699383	0.39117754	0.4452018	0.207039	0.2658854	0.2694789	0.18378314	0.1888706	0.50877583	0.06917723	0.16549332	0.2254942	0.059862707	0.2082323	0.18779472	0.19584379	0.25164935	0.24762836	0.2888165	1.9522241	0.4873968	0.09908961070256961	0.1718819512410745	0.2485394161029235	0.3453129588756853	0.5744424205030499	0.3270700100451799	0.28762072538577704	0.21566878490259134	0.3528013286612326	0.22270180523903918	0.3271410623067488	0.17522353822717093	0.35427851856085724	0.5329368704058266	0.12930145798675138	0.21016326927851398	0.4170761741266924	0.8587946117630468	0.40263059204741025	0.22509003582601994	0.13835961433124105	0.2905125982203544	0.23822470983615324	0.34300891895286834	0.3147521214018764	0.2000100734494873	0.2829839416815421	0.5816848860158549	0.19695025992679357	0.3066435520954032	0.227990779922802	0.41369159307648473	0.1982456916757747	0.2512241011009861	7.96253084170088
DDX39A	0.5611069	0.458392	1.3086373	1.1056595	1.3685774	0.9357828	0.8772558	1.1165875	2.124923	1.3078654	0.5956052	0.4857161	0.39020026	0.594295	0.49066496	0.4137094	0.31568733	0.4387982	0.3353702	0.40034682	0.7137847	0.34965774	1.203272	0.5704335	0.31411420728058265	0.5576666711778446	1.290360710564055	0.47356643992997566	0.4669626330354841	0.47616250759811746	0.8988758106822874	0.9060649914701762	2.6121535289067666	1.8312008255347354	1.2494966257503033	0.8345318074980871	0.76025166030172	0.9826090291215869	0.7165570807935687	0.37214264016829735	0.3195932817912505	0.5272229299941308	0.5404839065136879	1.2793251943601578	0.4310533940343339	0.6181190147847303	0.528425406546534	0.6566700187663576	0.45818998732572075	0.4022094256347728	0.3833142672695071	1.7882438040398931	0.5966593561235811	0.8031235297580852	0.3683710662603197	0.41620254831171466	0.5442308073506876	0.575502804825753	2.3289109945637096
DGKE	0.1829895	0.04272443	0.17158404	0.030533686	0.2575276	0.079159304	0.02838793	0.051799767	0.20163846	0.053648125	0.16248487	0.8390449	0.045022838	0.16292615	0.08833176	0.2881146	0.078589536	0.04309371	0.034029104	0.0548998	0.20393917	0.057303775	0.16863143	0.019420562	0.06770917538519061	0.17296138035839298	0.10338882832317087	0.10301051298436908	0.04137851765400726	0.0337778847121725	0.0976560743961067	0.055678661144684644	0.18294056290998365	0.08760517807608138	0.43282595517142725	0.03575127357653277	0.06908184989668427	0.1292964654603028	0.06493691844806389	0.4157947461647436	1.6882690621674423	0.7258477136667227	0.3578245101624321	0.08047326261782958	0.14432425056570916	0.10422505256046377	0.08246303722144994	0.05830516832048437	0.08634116211177609	0.03181725704608534	0.04238369026363607	0.03482621737888881	0.24252552468859742	0.1464943084313409	0.04844504404704784	0.0063078137498270605	0.20441654348880448	0.13988142567721162	0.1607334780399365
DLL4	0.012013006	0.0992798	0.00010195485	0.047167685	0.9795816	0.0016459047	0.0058307955	0.00706189	0.009207386	0.016014	0.05519597	1.943325	0.0028287824	0.0044582314	0.0030185818	0.0044451486	0.0013389031	0.0045994967	0.0076539004	0.0072946125	0.028288355	0.023578454	0.0944985	0.0	0.019744696855319436	0.0046984515283542225	0.002872308095296224	0.2125692031053213	0.07525807928567174	0.09706257841690055	0.018803989915236415	0.009951062240614254	0.0023349416115561084	0.020746468437629423	0.0025763421186379026	0.02386205882456881	0.03899054815860194	0.04430916821721739	0.000569238642810033	0.024275729016532674	2.0222905874522903	3.1626565582314505	1.183850773519791	0.0006731352365085845	0.019403165352000203	0.0031399454178996393	0.0001437850666384325	0.019912428457614637	0.010377467379340179	0.0070099080692945116	0.0018953792447312327	0.0	0.015476639061474404	0.0003493435204915842	0.01683494075327017	0.04223289432389663	0.10647495951493297	0.1355189389315958	0.0
DONSON	0.054627378	0.1206556	0.120969415	0.14098509	0.20970969	0.25310472	0.874358	0.12180755	0.23159759	0.20709427	0.033957884	0.08690488	0.07988276	0.07665912	0.014550148	0.024930123	0.01450972	0.035110865	0.019791357	0.03345173	0.076909594	0.10673867	0.14064196	0.0009092721	0.04717509975653789	0.06486789934597058	0.08765743290154344	0.03531780430247366	0.07469633607002368	0.08718580722399034	0.14986086992879186	0.10191020066139507	0.2746248850727242	0.1938869742007242	0.26812258593322913	0.22029169733874557	0.13679682726384745	0.17790681317522022	0.056954418091189556	0.06931659751074044	0.10402175275760346	0.09436726485964657	0.08602951672469002	0.11944201781279216	0.04295812932886707	0.09153126062162575	0.027557956671256073	0.004928808405473965	0.044735602013193286	0.02739842776784939	0.02997517777309235	0.17278657934882424	0.05525661869786635	0.053097743812624	0.07482098558318317	0.04598055138003574	0.05649286401558007	0.07158571087365613	0.34626034780126785
DPM2	0.30414453	0.40013131	0.60533714	0.38865638	0.7485588	0.55036056	0.6514884	0.47851667	0.7147835	0.51374793	0.24014632	0.49589434	0.3473237	1.0981765	0.26390055	0.33373445	0.3802318	0.38278252	0.533112	0.2904361	0.42016688	0.52133995	0.3667143	0.23018505	0.4187568395849276	0.19734326645267666	0.4632112058198414	0.38503586564637243	0.42828536086903685	0.5560575475166288	0.46156449163683544	0.4471710903694528	0.9006237103509844	0.6213292128790565	0.4681769712618009	0.5446961940928998	0.865597705329616	0.3653839606956895	0.3090152761352639	0.19946010767955086	0.262323266676576	0.7416152813416361	0.5760395988658357	0.4243110483029439	0.16069629810306274	0.3079434408240388	0.2230634943334842	0.34535159786759817	0.27660140220468404	0.3331470376824269	0.29037542488526086	1.2556231932206587	0.3203558322781443	0.27254966281755405	0.4964816058083562	0.6249361982777097	0.2577138934223018	0.3886041863791092	0.1862649208969049
DRAM1	0.06364469	0.1146104	0.4085517	0.10655952	0.31870455	0.80325574	0.35199538	0.5527562	0.053152543	0.13408253	0.29796866	0.26630217	0.20498055	0.22340326	0.3790308	0.05899971	0.31167793	0.5126314	0.40837893	0.5301651	0.07129028	0.07269959	0.110874034	0.0007788686	0.05541645838516319	0.09660498495928424	0.09796282192657817	0.06729592801540307	0.16218423847825986	0.12679838588673303	0.5130547027493269	0.6486576878227491	0.0384717849483446	0.08288868354306805	0.0456756731971836	0.03551791145025092	0.118961429369497	0.263078228006222	0.3178102016561631	0.5127486332485127	0.34986539919489296	0.3327386628489619	0.147178876874972	0.13918635995630863	0.3368565921717064	0.2923850247571841	0.540525481387737	0.34409737170711596	0.487599464265107	0.435232568725634	0.9465958404029801	0.23693277061759652	0.06676518376744087	0.04132204896271887	0.08556379477123906	0.08759439266307674	0.14517530018633687	0.18115400538829196	0.02185505692676831
DRAM2	0.87851596	0.47329843	0.36801153	0.39990652	0.29045928	0.81868714	0.71423954	1.016606	0.43960556	0.26513726	0.7635966	0.41617835	0.16272922	0.6185279	1.0837373	0.5439735	1.7290962	1.6472542	2.1485696	1.5760803	0.35115376	0.39305878	0.4066423	0.21089259	0.5853389018114777	1.1116643892221878	0.5814474548497769	0.4713094288395279	0.2998366051428438	0.5064630350217593	1.0150865913949134	0.9200332808574597	0.3652597879611787	0.49787010574905816	0.24320783117300782	0.5068309568737668	0.3863210239874159	0.20144239693439653	1.1511181953833671	0.5381365175994578	0.28595536294451157	0.3170975793603872	0.5166340273740339	0.8285152287378472	1.0615972269115623	0.8170599617724135	0.9434586568079645	0.9461656550948846	1.5053003949253987	2.0083059248062414	0.9604881212714204	0.2296161410096404	0.3712527939770609	0.34220800028618303	0.370361608651253	0.2736662948667422	0.42999049918051974	0.6342322080944739	0.08325852643946009
DSC2	0.009537138	0.027127868	0.015733171	0.0011595848	0.012293896	0.21291089	0.20007043	0.17361975	0.010760057	0.2389144	0.13350159	0.02956755	0.01023615	0.16349366	0.10822205	0.0049806214	0.17120573	0.32144246	0.26846907	0.42300877	0.014111902	0.20435528	0.0585907	0.0	0.014419796662923272	0.00031055284360146594	0.0019016041973520656	0.002962609011538201	0.04487043008973166	0.013779548359530828	0.26317562518665005	0.09988303261128703	0.009818331230044266	0.023289080789924952	0.0016280737070910698	0.06118697736894379	0.2447464825884963	0.044972904973429415	0.16172814681125222	0.13447177522933312	0.03021289058744955	0.029652566523165315	0.0415305012047613	0.19991255913504197	0.15136639664227203	0.21298613331399727	0.13615321609940217	0.22358288891767714	0.5929912688208488	0.26828633146822445	0.37331082005675315	0.059918988834727904	0.014271910014040736	0.0015482772715304423	0.1333146191252866	0.3736666593442379	0.0670226696026012	0.0475029682108986	0.0
DUSP10	0.28617096	0.078097664	0.36141282	0.13390665	0.13390106	0.19700173	0.31864825	0.19032551	0.4386657	0.162622	0.2590436	0.10715014	2.3685744	0.25197366	0.4230861	0.07480054	0.35792637	0.16992745	0.3107143	0.20608962	0.52371943	0.2990684	0.40016103	0.013244712	0.2205338421616681	0.4104125555504242	0.14088686820585372	0.062468854379123535	0.04829787940538626	0.1464275902910891	0.1962846505385073	0.27532190210733654	0.2319753114605679	0.5681103996213172	0.6280679661159775	0.31252494325950225	0.20858801627532564	0.3728059796864176	0.3029890767051468	0.3301765731114342	0.2844242518862275	0.03344083931447509	0.07991505695357776	0.23579741044732044	0.5017426160399217	0.12197839883860662	0.1861550511923261	0.21266143032791357	0.16635568992095234	0.24996928321515993	0.26019162623943887	0.35455296008617854	0.5673754409692019	0.17891779881289943	0.3303145615151551	0.09756714374943137	0.47446778723682237	0.4867779988630252	0.21867593568104018
DUSP2	1.9557116	0.22107281	0.6592721	0.64191127	0.327958	2.1635342	7.6775537	1.8689497	5.4204125	0.24329755	2.0698886	0.36947662	1.4362274	3.248112	2.7002473	2.9823165	6.467243	1.8663105	6.0884867	1.9880177	6.5248084	0.22774954	3.1264224	1.325376	1.2197332478317893	2.8003037570499894	2.0917017811614027	0.21138016499303533	0.2433141680238389	0.3827994923332682	1.4383026947098871	2.236013102512225	5.502950723141973	4.53856852105709	8.045031683260033	0.3122917065908161	0.2945852395200653	0.32267931928775584	1.737078594310483	3.9024771426465814	0.6786208950601237	0.3638785006444113	0.26650534007052895	2.1121641883902997	4.8275385173966345	3.634697419615504	3.451616620059481	0.7669794550377168	2.132030830293402	2.3034687515060885	3.842581682689842	5.513143697961584	6.166961255525736	5.894414090317614	0.3079706716385807	0.12057061725284472	7.8758802713600105	2.651510043846657	0.2903095392398396
DYRK4	0.14784187	0.26230854	0.106627695	0.09460335	0.08888333	0.17757978	0.14685613	0.1749849	0.14764464	0.13614245	0.10728874	0.10662234	0.13006495	0.14142996	0.15223661	0.84934443	0.28685355	0.18192096	0.23849878	0.22705844	0.1473387	0.15695257	0.14612234	0.36691946	0.09668795661841309	0.10780412650432467	0.3043620638403158	0.15149996747042874	0.2837644745236879	0.19516357771771903	0.2421379901419406	0.20085895129536352	0.19841053911388717	0.15441073121227333	0.13365157975668907	0.10043079470000568	0.13873813014814193	0.12073699065617152	0.13404921170410586	0.137286541206414	0.06135269880898473	0.1324236949498061	0.1424183321051127	0.24974709712858376	0.14759294666689907	0.17753028362677462	0.14397661367106546	0.1710645844804789	0.2487784816370066	0.16744281833066976	0.21697056776095522	0.14403548333551977	0.13580661062996846	0.2070818497237029	0.11522703148228511	0.2144565624178234	0.11658210306477752	0.18768487079541715	0.18210740464041997
DZIP3	0.10484044	0.11428087	0.076753795	0.11478927	0.14321586	0.08667241	0.82158154	0.07975314	0.19507958	0.15562497	0.03963722	0.08541758	0.13535722	0.12942603	0.036769852	0.17186315	0.0130882915	0.07150495	0.033156242	0.08493625	0.2819957	0.11153074	0.18984488	0.005149509	0.07247464731862724	0.1305222036449145	0.09658419181443413	0.12617708263879357	0.14215763336024892	0.08189444650419124	0.12331644079118756	0.059348660695587696	0.2664178948154666	0.1597100693757169	0.29751182719787367	0.0886182827174324	0.09542557334228068	0.09815586729002704	0.030552327168901088	0.07081701068909368	0.05391602736739796	0.040719110604551224	0.05311705573130767	0.08798038161811347	0.05316595456748961	0.11321336617861365	0.028402402971450948	0.05255540760179956	0.10972851710459522	0.07316194957335177	0.058582191870253174	0.4340645944917357	0.22408442544657028	0.2589240798150537	0.09603427874753892	0.157377021989634	0.31756781795959504	0.09091223294604442	0.04628859917607643
E2F7	0.0121842455	0.0045759496	0.03720234	0.123127244	0.13485512	0.12657554	0.7040671	0.09703716	0.16309538	0.11133661	0.013364144	0.015681535	0.006794176	0.02608163	0.009848239	0.04996159	0.0041072676	0.008339752	0.0017177839	0.0043014064	0.016557168	0.017345998	0.06755357	0.0	0.015831229061260266	0.04291488527063091	0.0058418274661556175	0.0025409539383372134	0.011887960904705544	0.0006882352921377372	0.15179919856876858	0.03316986930404939	0.24443895529546872	0.10478231690539275	0.2525564214932775	0.04154433664219695	0.03383863806640514	0.07143733084495432	0.003363838689427863	0.052046797903504055	0.05240375036521992	0.006866692060447601	0.008790681456616926	0.06153541223889537	0.01798092149288629	0.0010900954986708226	0.018993946177142812	0.0	0.004768883391188617	0.002868336344246492	0.006532630295697057	0.03815221244638616	0.019811440141330513	0.004265865716034799	0.004851295723725922	0.005564886491344929	0.021959563532810453	0.013688474728004272	0.09998974622796297
EBI3	0.1093895	0.01148754	0.082280986	0.011611026	0.007239429	0.3041258	0.26575267	0.40013522	0.124358274	0.009401237	1.7486655	0.024053916	0.23048303	0.4258356	0.09307848	0.09851397	0.7649348	0.6792499	0.52913165	0.64355445	0.09505664	0.012305827	0.14936413	0.0	0.03553854558112985	0.056547019286628246	0.26095499238077724	0.0013009006276945344	0.02657241074469753	0.012427255776852898	0.7232808928973486	0.3074453004140924	0.1687618503432396	0.06383202752923711	0.09061480246506258	0.020247793357726137	0.00787627142647415	0.04327979111319105	0.4420427210159273	0.2725567844911715	0.0352668436003122	0.0250779406401502	0.014587831756801726	0.3354941486290538	0.2725892563958324	1.2048405235699238	0.10913891651157107	0.15771711902026936	0.8633952380312859	0.4342397915680254	0.29917829066637025	0.4871552281565481	0.071870045778177	0.04279380869892401	0.005757618367254189	0.025890455693988176	0.027959223048319184	0.4522076862387844	0.01887237548828125
ECHDC1	0.46861088	0.3892158	0.7525718	0.27433392	0.37990135	0.6227728	0.23938096	0.55533236	0.45013636	0.48573238	0.58819133	0.38196132	0.5842586	1.154113	0.6957048	0.65765935	0.26073313	0.46537882	0.49154693	0.44103402	0.45501882	0.6757169	0.66868913	0.43906707	0.20577750882788406	0.6145868864990541	0.6541917022892184	0.32542594081992604	0.37212672102114874	0.42352513679317755	0.5162309405957137	0.4176886865617957	0.5376875785423865	0.4599017955198709	0.37682035001480674	0.617358565728312	0.4690242573600129	0.562936388213059	0.5857694079936729	0.5979565496734454	0.3616304337894844	0.4487579193259467	0.36802813919854444	0.7991339955049928	0.6684266600142504	0.5640470841184351	0.5116706350304318	0.8054615638690676	0.444039583754563	0.38681561955265464	0.4473258102015317	1.0509331046760855	0.39008772980419965	0.5226598932526156	0.5665987526716446	0.43198355055398796	0.2933412241339992	0.6347219314132911	1.5161481105157109
EEF1B2	12.04287	4.955917	10.334444	5.131643	5.066603	5.03802	6.83927	6.6461515	8.284239	6.869821	8.1124735	4.340581	6.1965847	8.549351	6.707448	7.137269	5.64511	5.016366	7.157321	4.9469543	9.915382	5.825912	6.663678	9.496339	4.948626474939693	15.73748903232226	17.03182281468893	4.688489574771746	6.569225780228419	4.0870868344016	5.048439256956927	5.7215371375197295	10.36186934690968	6.4765009681817	9.038201580689387	5.650351239120359	9.650244414455736	7.514156728659945	10.951154130602545	8.063564355190309	3.8584235079486637	5.611766994726176	3.938530562790391	7.634650152945615	8.82715096099314	13.250000187327313	7.673998181401158	5.619404915871974	4.607914059541969	5.349705576995069	5.400968575366799	5.759901799784078	7.8128218758174555	19.380521690600645	6.0067199822915205	7.204394888810378	6.394252363357659	5.901046534238442	7.621298491479891
EGLN3	0.20708555	0.111068316	0.53449154	0.10841315	0.14435053	0.063830726	0.10082223	0.16080332	0.019075984	0.050010234	0.13625745	0.24528264	0.04975075	0.08528622	0.020869818	0.12261216	0.048523426	0.08688549	0.049919654	0.12311871	0.025262466	0.08285324	0.10184689	4.0835752	0.0944834991989395	0.12969443446658707	0.3355042028695341	0.060788569368924975	0.10584125617705446	0.1352797782856538	0.07861556271750414	0.14377247756522135	0.009686446485872123	0.038401198990164954	0.028815283909835652	0.09956350068143788	0.1002750591991652	0.08271025789195094	0.10160153398597313	0.18722601120630447	0.14394238995497866	0.4097201263308613	0.2134205795372026	0.06723072468326229	0.05550678508036083	0.1993830508652648	0.027162357085824783	0.003109824053848846	0.05034699669551135	0.06525001975259005	0.4248648355035717	0.048187882559640065	0.02870678673670249	0.010456668041267094	0.15532614608976633	0.013113615963992686	0.04233676071545139	0.2701407898788454	0.0
EGR1	0.9485704	4.6303496	0.5910198	3.8200855	2.4216132	2.498493	7.641481	1.5562868	1.2213643	1.1664999	1.076409	3.863573	1.9647057	0.96029073	1.3330089	3.7098656	10.5808525	2.286428	7.930855	2.151985	1.4050815	1.7010349	1.7705262	1.7209362	0.7597854680216272	0.9665974863412611	0.33220356363147524	6.152749316205269	5.343708601590865	5.1446517641485245	1.7609527620893333	2.1295430023675443	0.9714100698526855	0.9035628867741972	1.4845583093831394	1.1973855108015803	1.5168530674599545	1.5082399866263856	0.41053695156019326	2.076691054347573	7.223902937950218	3.762310693777929	3.2679597781901792	1.1234605094081287	1.339716211170514	0.9256840389432714	1.1272392649886402	1.8285321621024273	2.9423102393573193	2.708708517210099	3.201128402699919	2.56985045841762	1.6655514925037362	0.4413688348586141	1.7635006818365326	0.8587612873869075	3.451730972622351	0.5384814764225521	0.7606073197826182
EIF4G1	0.39210916	0.5515861	0.5122127	0.7531025	0.913772	0.80513984	0.20366207	0.7390159	0.6307843	0.69609845	0.4000367	0.9863437	0.5645913	0.41839248	0.6156526	0.9353892	0.24731557	0.6458524	0.39107186	0.56434786	0.44194	0.7168291	2.9899187	0.5107303	0.31105102913856825	0.32345942629203295	0.5823157042859778	0.5108844913036121	0.7649791026249433	0.43423202883148027	0.858065743397921	0.6356106426006677	0.7497652661818731	0.4683257870620802	0.5157024128737916	0.6966809526785761	1.4609403507010554	1.3648358349729641	0.39470283063070954	0.5231189186715769	1.0206231018851293	1.4661421129214047	0.7144829567077727	0.5000540468600696	0.36224072716252925	0.6741818979304377	0.5023821024953501	0.6733368360735589	0.6191747108918925	0.3838228011840862	0.7107730527024185	0.6926749285165366	0.3908336217807863	0.5148522341926706	0.7925860180757132	0.8215132378318442	0.5067050772629451	0.5602473249598021	12.515233151329731
ENOSF1	0.104112305	0.16492979	0.12695394	0.31208816	0.48681682	0.24783596	0.98811865	0.26459366	0.2677076	0.29835182	0.091011725	0.2946489	0.035799243	0.093240045	0.13353483	0.028107936	0.06002756	0.31586742	0.17278889	0.24893503	0.21078083	0.35341886	0.2749328	0.05299265	0.135529295779709	0.030648020666376695	0.1365938086500328	0.13263529112105546	0.16378752277569003	0.1559438162390144	0.33683607978441144	0.205675222578285	0.3237368841852723	0.22006841002358457	0.2991805527314687	0.31030754356802154	0.2803800020260119	0.4530408620834351	0.12312131387514957	0.16136032261806754	0.32745128663528894	0.4199680034550307	0.28469000571167474	0.1094093036417205	0.07723300640568263	0.2133584251220448	0.16232263541419412	0.08969225679294435	0.2571914870359419	0.19407368224481505	0.33418847978403043	0.1664608741735483	0.16736800386032025	0.2561565197270295	0.29938272429155466	0.335507777473285	0.27250521399346966	0.18821323895986447	0.6018378087557158
ENPP2	0.03833566	0.13665621	0.017961329	0.29354826	0.79656154	0.27481037	0.20688549	0.31494686	0.022596657	0.11272917	0.15994541	3.54004	0.038475987	0.12421924	0.14583543	0.028630033	0.1604742	0.5480896	0.21652393	0.49807948	0.0260259	0.16669516	0.19123735	0.1434243	0.032943365443887034	0.034035777906423106	0.07393917383147906	0.13199831236682863	0.09202356647649292	0.16886661123020708	0.37141957143041937	0.29800051219904283	0.0159247531990537	0.04593072721127218	0.004727526576118132	0.07589321136742329	0.2942635666810672	0.46454122195690134	0.16554405400281805	0.07928553173010267	2.6780892859162186	2.7859386500512167	1.8162794040736705	0.1948380600737829	0.14273950969438695	0.22512683413370618	0.20313628777219783	0.032011822991600394	0.4341841475590454	0.2004817374193778	1.0871171698541349	0.0546066164970398	0.024806886475016755	0.025196973525059414	0.1961157792491326	0.19755198092802534	0.34707670218875164	0.23461373778753888	0.07846396615998008
EPB41L2	0.14293984	0.93227464	0.30357876	0.88205117	0.6094911	1.5981641	0.53882754	1.7819866	0.2020748	0.202948	0.40862414	0.5843495	0.1870829	0.4832415	0.20652282	0.053099845	0.7390113	1.5087059	0.9073993	1.3719426	0.104122475	0.1067427	0.37024066	0.0042813066	0.09531182976418931	0.21437292940929079	0.08147838222027319	0.6998967837721809	1.2525582132639965	0.7471969957410499	2.343683123878144	1.758109432503387	0.22622570379109302	0.22450554929074043	0.33622691534970883	0.23550675346946112	0.32800974219883483	0.4060085757025357	0.42213947118342465	0.45969693515604537	0.7482313727743152	0.7545080098548461	0.4529612459906728	0.7304794909634257	0.4602621389814091	0.464016677529104	0.1968841223370525	0.2108469023839814	2.0817031807177617	0.8229819484280709	0.631601058845182	0.06818427126128952	0.09686662605273226	0.03366177076114216	0.17636323348178956	0.04227793378832995	0.3842510769661457	0.40826545690084226	0.5079912448987253
EPSTI1	0.48788053	0.29092053	0.6992697	0.3218797	0.3644381	1.0245526	0.6448822	1.1147809	0.7564958	0.1709064	1.8338236	0.3110091	0.4596053	0.685994	1.2473974	0.13878575	0.9370266	0.90827477	1.0187023	0.9723129	0.6619421	0.2338398	0.7270113	0.5786304	0.30542787986937764	1.0203250160148414	0.3700419980806417	0.12903074175237111	0.33247963378346396	0.48101733981928924	0.783106213871584	1.3155271801338069	0.8163139732037615	0.8843822501700104	0.9606992213470961	0.26623461203201176	0.20334392313850738	0.10989721443852768	1.2529065150887644	0.8640443903832129	0.24249064812358073	0.3133761019572367	0.3705285254539687	0.9822256222465786	0.738420069434907	0.8559436542880793	1.2643863914866276	0.8868398309935729	0.7818953234617263	1.076036308144656	1.3554898621035842	0.6425387933656768	0.6928856363721915	0.607239428636266	0.1884345246191625	0.10893749973506928	0.5467701168941833	1.2783143580934666	0.8196872712344611
ESM1	0.042437445	0.12270179	0.014784376	0.10878802	1.7351032	0.0017373252	0.017337825	0.010695151	0.036477253	0.028447395	0.0073481	3.9659233	0.0	0.010984305	0.005778188	0.07155404	0.012197813	0.012919557	0.013474879	0.014198239	0.025448665	0.03504894	0.30474618	0.0	0.014552709981912455	0.026250362609179883	0.0	0.17750015957016826	0.02370269940742151	0.23049363455024707	0.02078441207954378	0.03481826050805703	0.017792391396924873	0.07343566861428848	0.016644135204658347	0.15576035699711363	0.0028198914688542165	0.0	0.006772987471676281	0.022484501159782355	3.5446795014721646	1.641778638157656	4.184555067764594	0.0209950180662083	0.026251870496398464	0.0008893392039734183	0.004429666197204329	0.03200704069280078	0.014992762174705826	0.017938275774048242	0.003048884622918455	0.0	0.037013722314572665	0.0020511721337876797	0.05754659963630282	0.010263240807085365	0.24458824313842656	0.38942838393199775	0.0
EXOSC10	0.104358785	0.26902607	0.22314493	0.13457148	0.27660155	0.3386787	0.08865748	0.25608814	0.32056636	0.12071234	0.24509849	0.25313437	0.051082533	0.76344097	0.1933179	0.38877165	0.22549856	0.24354024	0.13026223	0.19477639	0.19513173	0.15338616	0.41053313	0.13308372	0.06777588888462674	0.13856645108877808	0.19881556858631813	0.1466202545621087	0.3784273684593909	0.14817299599788009	0.2829191541858354	0.1211018077058489	0.4583940962443505	0.17557431009411792	0.3271599862201777	0.13453925236507022	0.17370931585552535	0.1767660979566903	0.10201044144853434	0.12843304869048897	0.21075640610755353	0.420225216346928	0.2015607832049351	0.36668617652849056	0.10188388452975534	0.19602882596500285	0.16332992981187405	0.2821568352497553	0.23255977808135125	0.1404489953304001	0.13032857911830792	0.3646337023029079	0.16162098327900326	0.25364102671842753	0.11240992364608333	0.22963613428266771	0.1926592719478459	0.1693426867298712	1.5738790239651486
EZH2	0.13857418	0.030744968	0.93630564	0.3293997	0.50630033	0.53995186	0.7649579	0.587783	1.6426737	0.7140991	0.39228347	0.10806213	0.36160484	0.61277264	0.08187567	0.14775275	0.248839	0.0767914	0.17706087	0.090578705	0.28749308	0.1286836	0.64336026	0.122041315	0.07523180553957154	0.1359081509337928	0.17575783112277898	0.04647964589623082	0.017641312609978952	0.06035438809784337	0.5849090453896243	0.27629001935470066	2.0518259139386528	0.9418821573875212	2.3584877550167227	0.29790845914680947	0.21598083074176316	0.36759098691893327	0.14843544003993803	0.40433288068954615	0.20122444298018122	0.11589135173224062	0.06725954949727667	0.5048173703421526	0.25253542475428137	0.15643513102363746	0.06115154535131505	0.13366941522668058	0.11433857115297662	0.06836370558850854	0.10647182627263826	0.9283833751430759	0.2843732020684706	0.11942606345723634	0.10481760247995241	0.16343148345604372	0.3536256151378575	0.23303400517288056	1.7176895442213471
F13A1	0.027824726	0.019046519	0.088987134	0.029015435	0.053906888	4.888872	0.88342667	1.3932946	0.057888042	0.034487784	0.6119326	0.036732934	0.012866828	0.67189157	0.36411497	0.011922588	1.2358793	1.1342402	1.4916737	1.4915531	0.05018735	0.029293602	0.086708136	0.0465968	0.0038144982880704277	0.07012347082810831	0.018199117050558176	0.008279102762454313	0.019158500416967296	0.03479277994681251	1.4318409459530788	0.6439415266696753	0.012568625999168104	0.05256724644168465	0.11850361873979097	0.012093931557782125	0.10903278277427526	0.12287014332310905	0.6300164976423593	0.689223366118975	0.05916011257540858	0.036419223978951296	0.028307088998983956	0.7664306583656577	1.0958133513163855	0.8548284354856011	0.3804973349613462	0.8303341912181454	1.4923977562822182	0.7857985947872838	3.5707827472697624	0.3260866976403571	0.030079691748671276	0.023705986333993574	0.030308325318829592	0.022684073502350327	0.05725179436958403	0.16125574525379185	0.0
F8	0.014389019	0.059807044	0.0038991878	0.094382636	0.50565684	0.06683358	0.112538315	0.07173544	0.055903744	0.10104142	0.022162102	1.2613134	0.1123341	0.021166924	0.09605557	0.019070249	0.024097241	0.037886586	0.06012956	0.08649387	0.045540087	0.044855487	0.15590851	0.045398828	0.02593313631320455	0.01657547655018808	0.007401438937372766	0.12177439611904739	0.034321866249224633	0.07024159088735266	0.143639342603247	0.041389708076689895	0.069715749740797	0.04760595203637544	0.04555917876773216	0.04969365994156923	0.06457325944343924	0.07166823659624372	0.026336109595566082	0.024053755336368363	1.3400297792389952	1.7318916948966874	0.9077162114626792	0.025706930038352026	0.04134651493523929	0.012283027754945325	0.02199713951368218	0.07357568789976839	0.08541548663500009	0.044961217890372565	0.044318313023239214	0.14631884748285467	0.03874764769289077	0.03185405900345329	0.04017399407973512	0.06229573713330838	0.16377670831984195	0.2668251607741855	0.014859393084490741
FABP3	0.011292182	0.08593742	0.03952366	0.061009746	0.021377485	0.6002479	0.73094594	0.5436809	0.024411159	0.15325876	0.062355023	0.03599381	0.0026637367	0.04070805	0.12697089	0.0029455344	0.5237504	0.98301685	0.73275334	0.8167879	0.017260477	0.13234045	0.03994226	0.0	0.03127922511494032	0.004913446214463806	0.002923876500976872	0.15558086483061767	0.0612672434351032	0.11130208767666795	0.7815674347251163	0.5142135680807925	0.006727447841792139	0.08061943617392878	0.0010987233403509696	0.03819399708005249	0.49942388887004185	0.008599081943775046	0.061736788184657894	0.04650440452198696	0.019974592066718703	0.011150529624083083	0.035492923319816336	0.008500458480529237	0.028637603641979068	0.06098639300857552	0.049310426940529666	0.025686761820308254	0.8737589250631133	0.6596960667892013	0.568774669429577	0.0	0.0248955133794409	0.002322427996855562	0.19560369942210212	0.0038633693686983615	0.030925411164316012	0.09699228814964049	0.0
FABP5	1.0137955	3.9338677	2.433888	3.6188943	2.9357345	12.090668	9.610445	10.799166	3.6468327	0.9451374	2.8560874	4.131857	0.9452801	3.5097437	2.5941927	0.52903384	7.2521358	16.956078	8.134593	13.047917	1.5593989	0.5693495	2.277206	0.3356947	0.779470368587837	0.6601354784604945	1.3810636790291548	3.305109877474536	5.365314830111791	4.7899656829531105	9.608102298915574	9.777849556292129	4.085364293251104	3.8919150985531243	2.465046260541539	0.715754650724902	2.6910351334961358	1.8738616666183097	2.611973652036743	4.41689770857793	3.2692697957929	4.367350980456745	4.287362535841396	1.765448012868894	4.176182178480665	2.6371920219179246	4.04604745835702	0.5476181742003465	11.401857751029222	12.860812198168427	13.220630944643142	3.5648435369714515	1.5478943485950318	0.9035805909796247	0.8494471000827063	0.3049234292623531	1.6195585548461227	3.081665202611745	2.027830503698932
FAM120A	0.2994578	0.5940948	0.66424435	0.61875504	1.1843078	0.82039297	0.32420558	0.72351676	0.5027658	0.39728993	0.57894975	0.7927931	0.15111475	0.4852228	0.53736854	0.47002786	0.43038845	0.78916526	0.52720577	0.7681265	0.45864433	0.5283791	0.49872893	0.79771096	0.28125399420994485	0.40044177958687743	0.23970564210703374	0.5701256244413565	0.4440823701982287	0.310345519861103	1.160615693196222	0.6207482937074355	0.5115511093880124	0.451361752366008	0.7746089455946064	0.4009976401515593	0.46941328173596814	1.2464706514856498	0.4459434984625727	0.9603528131089939	1.1664270688876244	0.7829914372046594	0.6329634605724634	0.5088006442586653	0.7327755818803923	0.48971238551902335	0.630029704598026	0.9045811026494123	0.9847863976570009	0.5405446586917143	0.7690876853015496	0.6533014006428903	0.47092370578259535	0.24041928759151776	0.5441094487682647	0.355121749256705	0.6220325640694326	0.3958447576862609	0.19314489495300938
FAM13A	0.07792257	0.24433266	0.012295919	0.23566823	0.12331255	0.15880617	0.11603113	0.21395414	0.08658669	0.13043447	0.20184493	0.13865465	0.1829036	0.1845833	0.14219761	0.12641144	0.64721996	0.28319314	0.2838343	0.32015473	0.17344372	0.21516022	0.11454884	0.15084028	0.09883342875645358	0.039101245967694286	0.023900068029956145	0.15744114635523193	0.3777473138410291	0.25055422590863763	0.3660379877708522	0.12294873485495543	0.034165794179731465	0.09647050149297115	0.2836688453755876	0.06458268290332704	0.21331863482562746	0.19606667551501045	0.034706137299738815	0.39443516451801813	0.2783171763026405	0.12075831764804991	0.11875907465046276	0.1626081944882511	0.3538464237845309	0.2884757952577055	0.18983383873168402	0.1579652681851635	0.4681107587577162	0.1862602507343492	0.3325895088746246	0.02798527138573783	0.20503270482598587	0.10808157399118218	0.24683195231908073	0.18747289751789895	0.19121468695735033	0.100625899510908	0.022540220526138636
FAM151B	0.0026888354	0.0063303094	0.00016712464	0.001665813	0.0018173765	0.01630647	0.61573493	0.016666714	0.0045803646	0.0047530266	0.0057238447	0.1430486	0.0	0.0036370843	0.032508798	0.0040619876	0.0072539463	0.04830202	0.010899189	0.024889195	0.0023421447	0.010350351	0.0053192475	0.0	0.0004497958387627349	0.00016470647335349692	0.0	0.0027454107154995305	0.012376759891051015	0.008889191357312361	0.042223777570781995	0.01940651199273956	0.007316088808387227	0.003818215750009913	0.0	0.009492953327471434	0.0066286174204275095	0.0	0.003825054229133568	0.019403256157994396	0.08052666746456258	0.01783048065885731	0.024817743707094102	0.004785323785517555	0.005538862488387886	0.005756304271153283	0.03913930012849787	0.06139334347556652	0.027477933085491086	0.016542369355562758	0.02900415409854253	0.0	0.002858766488045521	0.002548189857440004	0.020187388032754886	0.006840834520168532	0.00519572493753483	0.01100785000756192	0.0
FAM161A	0.035613444	0.08902065	0.031845693	0.0750192	0.09124735	0.13911441	0.040835604	0.10278948	0.094158486	0.94049484	0.03863448	0.03578339	0.0	0.022061586	0.0104399305	0.010560876	0.014778505	0.0094143925	0.035946157	0.022255868	0.05005929	0.11009703	0.041707408	0.0032074577	0.054147380506812115	0.04800652009007548	0.040432134370022736	0.09158636650612524	0.1227161607460045	0.09216659789369405	0.06742245078677812	0.03933157071924435	0.10135737752911042	0.05435930110952821	0.09879981702666812	0.0800388625426756	0.0753436200305471	0.0993619309857561	0.04325419788011716	0.02655482434126536	0.05316956860123264	0.049522015684320964	0.04065004210724479	0.053948578536509625	0.01332400175427062	0.034535843621921976	0.006158071518497152	0.004443354244473614	0.03369457716573162	0.013696512098724717	0.016257081077781694	0.03490724904196603	0.04921842976260232	0.023404076317359874	0.05411231842463818	0.05154466462050863	0.049274469144780265	0.047962658807307115	0.04039128388039571
FAM3C	0.733436	0.7684221	1.6138253	0.88508683	0.7128723	0.33240324	0.40255243	0.25898027	0.48101115	0.5693839	0.20287657	0.6096759	0.24609455	0.15876254	0.12781475	0.36699432	0.13284817	0.28098196	0.30076906	0.28189915	0.38349295	0.5390795	0.6002033	0.081797644	0.5521886245817633	0.9402042635483167	0.45097532824710873	0.9231120605791919	0.7504079630614728	0.9017103621226188	0.280374849243181	0.2935805893966697	0.35625269141600824	0.7613835044543338	0.4082598875295251	0.6699380844515042	0.46376445255532966	0.5711607627680736	0.20151864422861213	0.2654534118849815	0.7415981765017666	0.39156512222497464	0.7426701420102171	0.11615545474125283	0.3370031881730032	0.11693520954794426	0.15724388927953353	0.1453300082813143	0.26993518017602985	0.30486496099193955	0.29693268557010083	0.18285285218969569	0.46877511732493393	0.20382642622199665	0.610611377008276	0.5704269322650347	0.7183515836393389	0.4136997480548341	0.5020335243158149
FBLIM1	0.022541896	1.296957	0.03632035	0.7700979	0.18761672	0.045111164	0.0045442106	0.035025064	0.017899666	0.066603966	0.005033797	0.6730461	0.03830699	0.013366424	0.030557444	0.0016263038	0.016937882	0.02132521	0.027341718	0.030677196	0.041036095	0.06790517	0.13249084	0.00062883017	0.04288122234199432	0.005340793206180556	0.0035447114796349492	0.9583648377768463	1.742803194637874	0.6817081165770552	0.05221384773704972	0.020484677200308592	0.0009718935168781827	0.04995628400336862	0.04482699708688927	0.08990838696546731	0.11222610314543242	0.22080497624251644	0.012570136554544638	0.007300196646674904	0.4432623624566605	0.9132818626370239	0.4608526057774373	0.0022948296014042016	0.024954423135112355	0.03315961136509134	0.014212855663459395	0.004168448527214935	0.0329359490768394	0.03876097531329617	0.016450042687008067	0.0	0.034870871900135804	0.0006483952789307478	0.07953421516953249	0.06045241922039856	0.23300051864456933	0.1101394234251119	0.0
FBLN5	0.017114576	0.46123013	0.022150785	0.31093952	0.5761099	0.0026495594	0.019819524	0.0073004803	0.11088981	0.0241357	0.008372007	1.2248132	0.0037359435	0.00610248	0.0058274856	0.006489041	0.0009239548	0.056987345	0.011837468	0.010396878	0.12753962	0.019970438	0.2156029	0.047666237	0.011587494764598891	0.024275326199929212	0.009030682546598418	0.41361671656258303	0.9003891277648223	0.24837508646127368	0.008598528999027424	0.025614092067995333	0.17726588896541517	0.04850775366922752	0.04551138579285108	0.04769908019254089	0.022532889629083914	0.1773956610945058	0.007906925441139337	0.0046605704014794766	1.4059048099410092	1.3968774364717527	1.027784781575091	0.00688052225560834	0.026724254228734035	0.0	0.007256636051035726	0.009460558871176675	0.011381612961582304	0.015746364202879715	0.004848480987448622	0.05082127180966464	0.06678771648730103	0.38183643876087114	0.03284899799066177	0.009330345360350219	0.2332991097082176	0.16703761269066777	0.02185505692676831
FBN1	0.005576614	0.90254116	0.0042951037	1.792633	0.8852725	0.006432285	0.0023832056	0.01651132	0.014041019	0.01348727	0.01790431	0.8929906	0.006818933	0.0065434026	0.004889174	0.0088501545	0.010796286	0.0063914964	0.004977452	0.007737526	0.007879484	0.035139915	0.2399297	0.00088784716	0.011112520412475454	0.009439596992935546	0.0017756820733575449	0.5932348581705619	1.2957084230350326	0.5576613968159377	0.017586597680660693	0.052659134532833586	0.017926596616438292	0.022364427636131706	0.006885856034424905	0.021157122018952156	0.05584639177143606	0.012851705192932356	0.0246704296596474	0.01133998755164598	1.3392643185076376	1.0086300689677927	0.5422530705747057	0.005479556982188769	0.017000587988200973	0.009497722722418297	0.008033569172268573	0.0036106532133078273	0.008363136421104967	0.009370496546610168	0.004708133608490606	0.0	0.011140932655623461	0.0015993770075537763	0.05247553369552093	0.03149127713835591	0.33115129636785345	0.1557933245248159	0.0
FCGBP	0.007906276	0.030810421	0.004135177	0.01669137	0.24438198	2.5855887	0.6202208	1.2864584	0.028799534	0.02640773	0.29039472	0.013285319	0.03479907	0.31689465	0.051186956	0.0	0.14352672	1.2269661	1.1815205	1.4469337	0.035914253	0.026582008	0.03602589	0.0	0.006438609757870811	0.01628223406671025	0.0	0.0022321421765793786	0.0882389177928164	0.00517502363791717	1.1694907400601677	1.4968697782897884	0.034264701218523895	0.014827490521734571	0.02939585539010855	0.009242639948936163	0.06063384656284686	0.004682498759236829	0.18770591747010598	0.08929471679228455	0.016266496835457188	0.037201482177752376	0.0017592117684016074	0.02135638556728473	0.01028394490763844	1.1184784900952545	0.03406265909325652	0.00504634754867846	0.6488475614283699	0.5959982365292882	5.3425354152660445	0.0	0.03981348011735107	0.05438826622241714	0.03388779314231003	0.0031581713872797343	0.05098644802429245	0.057106172646986225	0.0
FCGR2B	0.5108953	0.025030756	0.460383	0.017971728	0.10626398	0.7491856	0.7093158	0.90614814	0.039937478	0.03847324	1.2233196	0.23210396	0.21211426	1.9346945	0.668466	0.42059636	0.10594514	0.76391935	0.7327277	0.78061056	0.091229275	0.06791096	0.27858683	0.0	0.31272538209673667	0.6523075143892687	0.7505489376595288	0.02132819657179871	0.027181127970465076	0.053601382187581405	0.6220362365238487	0.9083943995003593	0.0322296911249312	0.083284406809475	0.0	0.06595851538040318	0.02286776880841212	0.03628484172186828	1.917899515303458	0.9856334059627606	0.015533166738595207	0.48933701956089304	0.2763179434859553	2.817572643520559	1.664210048224485	2.0402984440948817	0.504029101555725	0.4093320230027925	0.6041002894386722	0.7920852301264134	1.475552081452816	0.29989971897818823	0.08581105059430269	0.009450051154854446	0.03499414401630607	0.028264890418615848	0.17168786595482935	0.5242254826638806	0.0
FCHO1	0.06894578	0.006732317	0.04529342	0.00488856	0.002002706	0.047444567	0.049275905	0.041219458	0.106831	0.010902072	0.08689348	0.005651406	0.0021362822	0.08662087	0.1496348	0.040171605	0.45570493	0.05087514	0.055500578	0.04420467	0.06854639	0.039952725	0.13109861	0.14302443	0.03926347031002062	0.060654305469240034	0.11371154693262751	0.0009633966514410475	0.009061329840524102	0.018408335713133557	0.02377262189998084	0.03828877494835932	0.13384573686612392	0.05572953883397336	0.11496382552012524	0.007471406317389722	0.03616644743704053	0.006214038565241057	0.09085158321316407	0.09571602073943182	0.00808892648245273	0.008901312844770151	0.006063017426483595	0.13852992711713952	0.09086726113891991	0.12573706711922367	0.13193538307869557	0.10479462435991863	0.033734893312301006	0.03053168569324378	0.060463034856871926	0.0683227743421282	0.06120671984359207	0.11661604055174524	0.016483066577440926	0.000984306601068772	0.07472410024991712	0.0875120667618342	0.24274516222459575
FCMR	1.110476	0.09834612	0.4614524	0.054774817	0.025466194	0.070679344	0.023948655	0.090638235	0.5062988	0.04097256	0.05721903	0.036786765	0.25245926	0.1410962	0.028027013	0.6842804	0.13324629	0.159564	0.085224524	0.115284964	0.96964455	0.0290648	0.25741762	0.24620979	0.18436368771054654	1.812151466516575	1.4967526906498219	0.12244948134644347	0.09920810456936413	0.02007108679735298	0.200913205285492	0.06484757009133343	0.8892755990162478	0.14478499737238573	0.39531002919377684	0.021444999560810363	0.004243839250012469	0.08822233336312431	0.0906945906818092	0.08970324925428358	0.03482654991243843	0.08219706754730702	0.029352946912118108	0.18572583073456214	0.11807462927285826	0.06762220967513394	0.02223840075880873	0.10192494894386098	0.1585831991873039	0.08690479148073905	0.03656396332853994	2.243054424632679	0.5857694118037179	1.8108182908290926	0.024309728579188814	0.046975309120593375	0.4240905081819201	0.1760193248730826	0.19788129920693875
FCN1	0.016072478	0.032227278	0.033469565	0.004476896	0.06066371	1.057976	0.7715982	0.6883058	0.04207924	0.030859962	3.3059666	0.035594158	0.008437177	2.540471	13.869631	0.08161884	0.22966838	0.85845125	0.66182506	0.8152237	0.054760266	0.030124035	0.15493587	0.0017013712	0.0334362228748993	0.012589790558254014	0.012657687799176184	0.017339924412910594	0.0614220057764361	0.04192025597335319	0.14531479767857292	0.4002154724705359	0.024345276430176234	0.05475893373949406	0.05182127407878321	0.00897163621467928	0.032222398233088693	0.00974744044501206	4.3051479390758365	4.15148552401665	0.039458367989150006	0.0586434228582904	0.02582714390991689	3.123029073439608	3.679060034373393	1.9738775825587844	9.95305666899294	25.89919328389996	0.24583224433701412	0.7479737107089903	2.510173010174711	0.2889799601071841	0.0497172695522155	0.006754843867506732	0.021038596029865804	0.052237759942100156	0.1280995272425529	0.2574129480255307	0.0
FCRL1	0.45216584	0.0	0.11542071	0.0	0.0	0.000112786554	0.005450334	0.006023658	0.0025463956	0.0011578636	0.0047003753	0.0006968782	0.0	0.0020445238	0.0022508306	0.07050664	0.0	0.0011075388	0.0012416433	0.004605005	0.006966592	0.00079976284	0.01109965	0.0	0.11187883559165167	0.5862238841441567	0.3640810900422742	0.0	0.0	0.0	0.0035221501192937606	0.0038077028898092415	0.00501369175780306	0.0013463094685410876	0.0027680343815258573	0.002327161832026707	0.005116373499234518	0.0	0.010382981677948214	0.0071110083412668865	0.001918818836637646	0.0	0.000942693044424721	0.0027231146885703978	0.0031221627572291313	0.003492604644310655	0.0	0.015005537226230284	0.004573574058605183	0.00824562749047328	0.00033682049502035407	0.014427099909101213	0.007966624039486682	0.0033224697269034	0.0008941365533902494	0.0007522310529436383	0.0028269733575330565	0.045691847691513666	0.0
FCRL2	0.44925094	0.0035513788	0.09421271	0.0	0.0	0.0	0.0	0.00017788335	0.006319576	0.0005941025	0.0059620407	0.003077401	0.0	0.0028393655	0.0007842768	0.1866537	0.0	0.00024075124	0.00061987306	0.0034996197	0.0079313535	0.0021457574	0.0102429865	0.0	0.20202858760427467	0.416129160681064	0.39637677079378775	0.0031047744824404754	0.001382243443042674	0.0	0.00033007440530123975	0.0012974576860830024	0.00890683492311935	0.005101833418850096	0.0	0.0005195471096270461	0.0029158128042610218	0.0	0.016014245905832482	0.0038240631975448663	0.00026510909134358696	0.005384618155015326	0.006527609927979238	0.011050616323503439	0.003651256956409705	0.0	0.0	0.005228511894805521	0.003049861499418326	0.0006408996330646207	0.00104278379054021	0.013281623806272234	0.011014484386788087	0.0005731609556597469	0.0026515226535891467	0.0016860402828801876	0.001258939432864721	0.041000319438229314	0.0
FCRLA	0.8515177	0.0036141945	0.15403122	0.034614053	0.0	0.0198165	0.0	0.003912353	0.0049394304	0.001795458	0.0005478721	0.00050913065	0.0	0.013343002	0.0146087855	0.18852036	0.0	0.0011545711	0.00056119	0.002862019	0.007529878	0.004171733	0.076672465	0.03704546	0.2401682685618941	0.8844162595087507	1.031754457832194	0.001192156765123553	0.0036300850431344655	0.004414343688946734	0.004927024455985637	0.0036728975977175023	0.009998957086227665	0.0023495399278318767	0.0	0.005099847990647685	0.0004154212233178347	0.005638375878334045	0.0008548396607482604	0.0014145623294973537	0.0006057280874219845	0.0	0.0011379952268298814	0.055960175250152136	0.010384557650029824	0.0016808295579549904	0.008256227836389117	0.01217236498740152	0.004056083650441629	0.002009804447768442	0.00033844578499975513	0.01992428813661848	0.009939660517225956	0.00034156833204718103	0.006805531901008139	0.0022134904438670905	0.011796053766115372	0.30782214452591067	0.016853743727489184
FER	0.027541548	0.25216708	0.02893077	0.13992667	0.088940874	0.090647504	0.063234545	0.15206869	0.058285456	0.018970335	0.056829926	0.18168046	1.2397325	0.068123944	0.05806045	0.10361646	0.06595825	0.124085546	0.11048329	0.14622581	0.05959673	0.071986996	0.09487124	0.22128716	0.036070310251016716	0.06100338279438275	0.030641080638586896	0.16170767307289002	0.3910223518897256	0.12619192610543462	0.1774103120233111	0.04359873916708625	0.04193165239141828	0.03152881828343549	0.01350056971522501	0.048595708133338765	0.04333204450244818	0.019368954127645256	0.06692998839061531	0.10785406384218178	0.2381622868573113	0.14836985860181479	0.09834346082562376	0.1094376500472129	0.06588752008571053	0.10468764178735801	0.05265462427730015	0.1945498111237163	0.23361005512327807	0.09806120886067107	0.07894833012095877	0.01587301662990025	0.07520612279110671	0.04588500351640507	0.05269874906311888	0.10649142176698627	0.11459760687782881	0.10916331784939785	0.04681804196666504
FGFBP2	0.040712982	0.01917459	0.0	0.043464724	0.0070656557	0.0024787467	0.004748845	0.031037625	0.3077973	0.045537166	0.011811349	0.022349559	0.022157803	0.02270502	0.017857896	0.017473396	0.007761171	0.017439593	0.042973217	0.011823075	1.022488	0.014782848	0.051535845	0.026557354	0.00794595092746383	0.04803911587622608	0.04584241557765651	0.002772111911255747	0.01306223031160729	0.011127131593339555	0.018246322852827	0.012258398206555275	0.17867953099174722	0.36246477584863346	0.6539368637522259	0.04203320773403343	0.0006475438169073879	0.01193878671218609	0.011460340748860435	0.03395686364231176	0.03279804991683758	0.027329274336957254	0.026086544680178653	0.033016204833984375	0.03230993152454254	0.0026772386819413564	0.019723008746872172	0.04968024692362417	0.023088362735476337	0.011542124993120243	0.003045959108989681	0.2774876185825893	1.2843618931214635	0.5903419588546762	0.016337760147867243	0.013718781588928175	0.1260641990431047	0.017695896380553394	0.02035001966688368
FGFR1	0.019156035	0.3581916	0.011476048	0.656198	1.111912	0.041460216	0.22287855	0.107726775	0.15499778	0.04951511	0.041355237	0.6956717	0.03291206	0.051648594	0.032898173	0.012030527	0.056495093	0.110276125	0.12761943	0.11845724	0.07201121	0.032845233	0.23145914	0.0	0.021860274363790743	0.04087717302815818	0.0	0.3628506746598376	0.32012796179091685	0.25089027427269217	0.16239057404401128	0.0704310891724558	0.19374554738898306	0.07854691222566913	0.17625672846287224	0.03914532175817584	0.02872994277302048	0.04731715629840719	0.008619412065212452	0.09895811877807612	0.923614245684771	0.8632407095543927	0.6443027321672913	0.02528041080966464	0.034996929980494626	0.05276054951784303	0.035707581984862534	0.029292165534216767	0.14700667449248989	0.10397703334297217	0.12152797197212598	0.06577129364013672	0.07232774066667925	0.038627638930555194	0.03621962576608186	0.02472764001512352	0.18111355972290424	0.10773177822139123	0.2998060729016147
FGGY	0.13331613	0.12774338	0.4040964	0.165938	0.1448752	0.26520914	0.21404453	0.2011571	0.1880903	2.6221693	0.101805806	0.12119067	0.029995993	0.11708838	0.17039122	0.08895835	0.18477938	0.19635923	0.13535316	0.14992401	0.21313593	1.0226209	0.47188455	0.009935483	0.15130349530604556	0.10205227373477356	0.06778011878249234	0.08104854185437713	0.07490677248311813	0.10362834961561723	0.2652829498618279	0.20840664089070612	0.13787289575239883	0.34071480869709964	0.012999358439792124	1.8542272422401183	0.36997479903040537	0.47860242184159796	0.14154438472072606	0.05765461140654025	0.05208469490205675	0.12151035104890978	0.11519430770500312	0.17961389063464112	0.10347964005333515	0.07100872184716987	0.06464838773077633	0.09753165104404715	0.181432090585214	0.1465659004333973	0.09323856917691982	0.1928042746209479	0.22243385081177766	0.04809089186146879	1.0939748814760981	0.7899848388494463	0.17320190986102013	0.784589795337135	0.07058900124425671
FGR	0.11359568	0.01897346	0.3958297	0.0023121142	0.10210622	0.4544002	0.29159766	0.40154234	0.08925911	0.059873514	0.95343095	0.21266109	0.0919709	0.9408158	2.2620468	0.039428793	0.07214566	0.60257137	0.27003026	0.46750993	0.2189837	0.035490394	0.40825328	0.0032915212	0.0654734528486258	0.13121511613691503	0.2857616894263098	0.027344161150913465	0.009324966899810298	0.041616105695778366	0.23818002656332177	0.39272542444107406	0.0662736260990094	0.11250004799368303	0.11878015299302404	0.013743104281123871	0.025078769881904755	0.02274959662864948	0.9566960354002582	1.3594641703760544	0.15596640637352982	0.08583216097571718	0.12506201140604767	1.1236690705384969	0.8476371743461721	1.3625092078675591	1.904853802223947	4.275811157321254	0.24735718548424512	0.5046895854012488	0.6926170621675773	0.12105488095964706	0.2539117517157286	0.062240351796650994	0.031095507273409678	0.025048758670902557	0.8908937831620917	0.46818544556544345	0.0
FLT3LG	0.1153314	0.14970535	0.028836774	0.08488366	0.09131926	0.027555833	0.014286572	0.03782981	0.4087712	0.016171837	0.029358476	0.08300386	0.02573168	0.06375113	0.09234308	0.0087126065	0.38577914	0.20925923	0.016601104	0.040785093	0.83406556	0.021680575	0.16140603	0.00086709997	0.03108005025043908	0.08463659115149107	0.39219930036301975	0.11772088819740777	0.1734248628257883	0.07047880007137328	0.028179310559696042	0.061547867616457384	0.4952505261834143	0.2504064116195718	0.27577582930949734	0.024168074497376537	0.04732979004045079	0.04676758475197947	0.041500925246468486	0.0493765582081554	0.07685977649483164	0.14314200812605127	0.07115337426444913	0.0	0.05702371868785268	0.15709657313002232	0.17767595776081052	0.0	0.02289895382760169	0.044805355780712056	0.07224946773559818	0.0	0.4825329893430264	2.5474485722446394	0.033516736148084994	0.01747385162578079	0.25948221091718304	0.023811229948003068	0.5225556957587635
FLVCR2	0.008307066	0.047158252	0.0058705993	0.0015257262	0.02302263	0.117452	0.055837028	0.28067216	0.02368984	0.030228972	0.164539	0.023736227	0.0045500793	0.0799729	0.12782998	0.009463624	0.100927085	0.22366157	0.1418901	0.20017004	0.013800236	0.04408402	0.023688452	0.0	0.02532322794026021	0.0004461887519242273	0.0004975877941764147	0.009456699564536904	0.01227308040541473	0.04425484027227387	0.14788529104002304	0.170099168888518	0.010400232358348483	0.0195953277805503	0.030681911245499974	0.049946823038875	0.05687564261858887	0.12609802396426648	0.08845349636318169	0.09303842103793566	0.02625171839587034	0.01998428735600099	0.01899999939316892	0.17990940789781112	0.07429300929326005	0.11721781627879387	0.09302151999969022	0.33304105497162106	0.23476354937396582	0.13442623248297164	0.2429447982408631	0.007522756712777274	0.01705172216089192	0.008249313540954928	0.050556039804606843	0.05712405275486162	0.01901000931434339	0.045534857503531985	0.0
FMNL2	0.032880723	0.03211694	0.014652785	0.01763782	0.3192786	0.8369214	0.16080976	0.59544826	0.0309132	0.06952179	0.38655472	0.26590115	0.08220015	0.18544534	0.27056748	0.01835539	0.3193	1.0361228	0.5014287	0.7670943	0.024646942	0.11358011	0.099725895	0.025956757	0.026811100548503924	0.014091563259374908	0.009790882041886703	0.03812234092948253	0.043831574072427756	0.038467467451284716	1.0350161881446711	0.6429899173949416	0.02915424224119382	0.04494013564894639	0.06563790010498419	0.024434728240299144	0.16595089802566795	0.256583627926305	0.21134897189428392	0.3361818501821336	0.5005912998359751	0.2157618095574521	0.1962385810756952	0.21530923712833347	0.2026710648754909	0.17857172012632827	0.20822324362695427	0.11612401283904988	1.0730836917766335	0.48640594922491914	0.5206914749668466	0.06160822239789096	0.028732548998330016	0.005403388459616091	0.08846916337244355	0.18526529794695282	0.09569642852656547	0.17116699202737634	0.02322394873506279
FMO3	0.06912373	0.5616322	0.064504296	0.5550527	0.055237245	0.073762976	0.04899759	0.050055813	0.07199416	2.0508897	0.04466823	0.03950096	0.0055265296	0.025076874	0.0338708	0.02023505	0.056028027	0.06471925	0.033232477	0.041661285	0.07018895	1.0850891	0.22868665	0.0	0.0751803361751113	0.036605125500576166	0.0	0.6152477665605092	0.465693688850223	0.6086098597845692	0.07504535350345247	0.04757289199519946	0.05497130074256005	0.16573753890974682	0.0019333998186398399	0.890491915853374	0.10869055277778814	0.6371220055472088	0.012561764440193513	0.0035350183806496477	0.0064259991318555	0.01137045336189805	0.08159418231732163	0.047091620094621	0.042748600765617095	0.00430536056504882	0.024842637089817744	0.05416952412971616	0.049036185539154536	0.056133028998932695	0.0009767188579992078	0.04166102068764823	0.1022375333314388	0.002458510581264829	0.8101729850283608	1.5013492716597767	0.19735717048682055	0.3351459834741243	0.0
FOS	9.362602	27.123247	5.186767	23.01455	13.001604	13.120557	81.5318	14.003375	8.813245	4.359054	13.132846	20.90057	20.96473	18.080664	19.009861	13.323942	31.456013	13.651314	34.812946	14.327501	11.510086	4.7218914	10.983011	10.321758	6.79495395125308	11.15746824929545	7.591422576403784	38.91884596907046	30.748370146938623	28.81252952780763	12.66020989847455	9.948120184159329	7.187033462711613	7.865630302577038	9.300276067578514	5.479811571519049	6.350006051820013	3.0862245456338515	10.841700021121463	15.454596569400179	33.74493910878261	18.473727470590234	20.205666415836603	24.224334437758777	22.44568219168027	17.936298887519104	12.572869796840076	40.11998195780515	18.008187617756118	16.10264180580431	16.971478839158916	15.030832979276582	10.030561334965222	8.314695334350947	5.915341987946341	3.397358480166879	21.78610932381085	5.331275618281047	1.0229555067314537
FOSB	3.8012753	5.246918	1.5023125	4.068213	4.39686	2.8288622	14.906569	3.3569763	2.9931061	0.86059225	3.197134	6.5572405	8.794259	3.9032207	4.7348385	4.323862	10.219884	3.5969682	9.928191	4.0373726	3.4186447	1.036801	2.6297688	7.12259	1.9474577637701538	3.954640513236708	2.8309560271033454	8.70602104938362	5.184339190726667	5.362055201705772	2.3878593038279208	3.158753908935123	1.4896320007080561	2.197548899208409	6.227725484204324	1.0968733117474396	1.4883435609445488	1.0674720294369853	2.588557394614773	6.741451749144336	13.406063894006145	6.164985708654916	5.645493952564042	1.1888890533006546	5.372358171681185	5.890892573815641	5.224429945771073	1.209960131925515	3.703178295061242	4.730961580322519	7.14535596554107	0.753821847345922	3.9888661250992534	1.6894126205441662	1.5118663296808368	0.39884181906085703	5.608446414250424	0.9195269559146734	0.7986708846654261
FOXF1	0.0001976547	0.33632326	0.0006621015	0.7719998	0.019912556	0.0	0.0	0.00043512453	0.0017238219	0.00017034232	0.00070866366	0.064054295	0.003847175	0.0013224701	0.0	0.00076908123	0.0	0.00028945284	0.0011345653	0.00078561297	0.0005704238	0.0030390616	0.026657328	0.0	0.0	0.0007176166142788087	0.0	0.3011661888811873	0.5948816146298888	0.22025004806560025	0.0010981231409069186	0.002008561331492204	0.00064442303323526	0.004397323042734653	0.0	0.0007787695913403123	0.0001256825195418464	0.0	0.002331393677741289	0.0005586457998787945	0.07408043969743107	0.04195766513434672	0.031110078230082147	0.0	0.007376416701840759	0.0	0.0	0.0	0.00047795857488727993	0.002316514770129039	0.0013478757341249083	0.0	0.0007949773953676326	7.730969573745032e-05	0.006176529378809978	0.0	0.040011817773790405	0.02724532224974404	0.0
FOXM1	0.014853514	0.0131019065	0.22333567	0.39256224	0.905269	0.3144977	0.3800645	0.381716	0.3998292	0.32528207	0.034461614	0.022580987	0.015414847	0.36174223	0.013909883	0.030423446	0.010161279	0.01905995	0.0075268387	0.011281149	0.026354637	0.020309206	0.35379294	0.0	0.020727268935740867	0.0027059121584334083	0.028949469588362586	0.00230640982620248	0.005241184364418458	0.010930833530874413	0.285821748260903	0.17904810234809745	0.49401821970908394	0.3226266307412214	0.41197792462751726	0.2898573673303052	0.36323678264128967	1.1547593797956193	0.00888324417409621	0.04275032919493595	0.009777948156958049	0.006742583958810984	0.02607430894436196	0.24965674912875263	0.008698683301543967	0.0023265419536471917	0.014994697264558479	0.014848107527076946	0.013097311351503148	0.015042293193718475	0.007554158316044478	0.1487334870672845	0.021145710804900675	0.003416537560317784	0.03175488805512222	0.01244715917279258	0.01834996322888834	0.06955605053208887	1.9613776660567623
FPR1	0.006377076	0.012650349	0.008424964	0.004413462	0.019422084	0.53399026	0.9870265	0.45562205	0.019846534	0.007085947	1.0102075	0.015608402	0.12551309	0.7303134	3.8161254	0.0550733	0.42294815	0.48126715	0.55219364	0.5644449	0.04087235	0.042062286	0.70481485	0.0	0.00923801802726957	0.0002868939307135894	0.0	0.0051623558505006035	0.01802010147792406	0.029269691391223644	0.652017693977042	0.47324520601798403	0.017769506864205063	0.030615608189690238	0.020027494856289456	0.012611474834011413	0.012053907432918207	0.027785202552532327	0.8111853229064248	1.1915586992494143	0.04804598416917973	0.010170899120498192	0.006433227880093417	1.473419325218869	0.705516380091454	0.7988401641091349	1.8354647972003413	11.363097325046347	0.5872330815737254	0.4852353529213306	0.6456329826953296	0.1724642478026353	0.04221471267221003	0.003685538418142783	0.028663435574361025	0.025019439090175098	1.8062695347906166	0.1597628296885865	0.0
FPR2	0.0016413273	0.004667497	7.9982965e-05	0.0003501794	0.008061417	0.09194531	0.026433095	0.07465305	0.003348998	0.0017003756	0.11271276	0.0030747436	0.0	0.026366372	0.5889998	0.011107523	0.0	0.07716067	0.037827525	0.07176239	0.0051449984	0.0034902864	0.17724559	0.0009426912	0.000817278968104234	0.007813578414827509	0.0	0.0007905246127787258	0.009118515637613112	0.007617204703645899	0.08696477150829493	0.053079106627255346	0.0071922591310786795	0.0017513015771292103	0.0007211161511284965	0.0010621501887265392	0.007049407738470058	0.0	0.03383781882824979	0.3506022197195365	0.0021869523024104784	0.0	0.007818332579529153	0.03214765225087638	0.0788647974967906	0.02096801400749159	0.3696299786815707	1.4647542825278552	0.039190611813462374	0.06245933671854031	0.16500857593985846	0.01587301662990025	0.005771179944239469	0.00036113102463812373	0.008912858285225518	0.0003525573992855335	0.506001399236811	0.0062343085152473665	0.0
FRMD4B	0.11074	0.10330576	0.019420754	0.16092807	0.76821685	0.75217324	0.65117335	1.1385492	0.30436414	0.36142907	0.5017224	0.9429803	0.32667774	0.8028487	0.43599012	0.05377703	1.2334216	1.3876307	1.1954341	1.545544	0.495294	0.19989833	0.45927995	0.07372148	0.09311866678102876	0.05268407358293862	0.05371398027502725	0.1552864630255578	0.06714957432529058	0.09384697856806976	1.5635467583262603	0.7703448559725635	0.20480052771321697	0.43460519228495614	0.7477618678633817	0.25797412790975355	0.2439788498785019	0.5211849668343078	0.5860591328554073	0.6152019090562927	1.2816512188436422	0.9099327777013684	0.9509784288850835	0.7884585447962708	0.8388835088634123	0.8714552417643817	0.42153202526897554	0.5633485175007873	2.1673036109690624	1.062914174692851	1.0150633851681965	0.426766232081822	0.6094817497653557	0.1311166209133465	0.22256297183514842	0.15267429415763722	0.7032405415023071	0.34469000605745215	0.1970120950177952
FSTL1	0.015269039	2.3635929	0.001912606	4.051193	1.4512236	0.0022964661	0.022631362	0.025444832	0.035814695	0.031776864	0.010855273	1.2541947	0.0	0.012339716	0.01242558	0.007017316	0.008881794	0.0046698013	0.0097405985	0.012679635	0.01601818	0.07202478	0.5421623	0.0	0.028104065764812964	0.02545253083169341	0.002123726588307005	1.5655352630091106	2.043247418447947	1.9191228510518668	0.0073500451969758	0.08772772217681518	0.012751069525281877	0.0647572708383136	0.044997310491053606	0.0949692693184398	0.04003750773419504	0.03612473513105233	0.018719547999974613	0.022645840857504217	1.3384392442667434	0.6678803388136518	0.9711586963112222	0.012465101523704253	0.04456912927311852	0.002230823177346436	0.015724396924285206	0.008384767463941614	0.012900467211141967	0.015337603943568279	0.007139193409004657	0.0	0.021589281448444186	0.008418210930390548	0.10385818214785698	0.008444006041883462	0.632738862995427	0.24285437532785448	0.0
FUCA1	0.091672316	0.1562861	0.11370349	0.13092032	0.14500055	1.2256069	0.77491605	1.5362971	0.11467598	0.6205284	0.34104225	0.2591033	0.04183039	0.2330128	0.28465202	0.077533804	1.346873	2.001967	1.4976089	2.1444001	0.112010404	0.28475764	0.2155644	0.03166977	0.09076489203823991	0.09331025050245752	0.10120273457071778	0.12726974761343907	0.13703651731938038	0.11205894164150684	2.2612782624975067	0.7330851394282454	0.12180106883666343	0.13704761465672663	0.10198215800032123	0.3045394731854599	0.15533089512824336	0.17137910979134696	0.3602291522411064	0.1775766350001924	0.22545624002721912	0.21737442444927635	0.2002253123142862	0.18091567777021522	0.24645474317118804	0.4049177167343813	0.1687637883319501	0.35793352175537796	2.7159875415940613	1.3973043845303894	1.402925954209008	0.0859231744493757	0.13356362595564142	0.08834068130899632	0.2934888928466947	0.27512493196159266	0.21208581216114727	0.4047320725486963	0.08845261993049881
G0S2	0.53625166	0.9617322	0.33968347	0.46573624	0.24041161	6.7517424	3.9320667	3.9579806	0.63544476	1.5354787	7.480001	0.29755148	0.25740433	6.8183594	13.511511	0.3016503	4.155391	2.922226	5.311179	3.5258667	0.32394257	1.9517435	5.951864	0.11509592	0.6119075793253618	0.20172469988601174	0.10968829941023424	0.7790037419617474	0.9522691276397721	0.7870081635967863	2.454028346880674	5.582697002847391	0.17733085956657252	0.8494321145204834	0.4352944207496166	2.2061008393972044	1.6779995444269262	1.7060750820366621	2.9247906861963795	17.205084171167577	0.5497800167147455	0.18024779515547987	0.18909143913285706	2.0125346743310506	17.934739781481543	2.0950715065247936	13.608434262659761	2.1871529941759738	1.7385081642376774	3.482775042658177	7.375368533497137	0.10071957235212449	0.4601404331495123	0.02660966729749288	1.5238172302098072	3.052717365836308	14.513694358850778	2.8010619221089543	0.09069497271393077
GABPB1-AS1	0.9360527	0.34846082	0.17854242	0.27289912	0.44341683	0.20540991	0.027783081	0.22216073	0.5288311	0.31574887	0.3561779	0.43617445	0.18140307	0.4322194	0.1727682	0.6376635	0.03467312	0.32650727	0.14812633	0.17186822	0.628878	0.2996935	0.39552802	0.672209	0.39412018605484206	0.7229021219965667	0.6685958820468415	0.301587180923984	0.4508675907816178	0.2893281109901318	0.24219317439973762	0.16052120071060158	0.519281357865047	0.36330490380785513	0.8971593601822895	0.1103346683184543	0.26231765576154115	0.5627386915272681	0.26212861196000387	0.5375716662702087	0.4053965351128974	0.74297749772066	0.37015206648623333	0.14397808526068123	0.31355719299570745	0.5429914641098748	0.2781935204883045	0.1478378512176582	0.19551454330190768	0.15144260099725543	0.15760606383988413	0.3967557746094542	0.5943179522202896	0.7781104733117	0.3164173188205167	0.24787322075849336	0.5699057787664261	0.23305099194221385	0.36282998910062425
GADD45G	0.17807993	0.30195668	0.02324269	0.21908681	0.27694237	1.1092014	0.58750904	0.616141	0.83583164	1.2593615	0.49050343	0.24421605	0.81455404	0.58433884	0.27971235	0.1879447	0.75953925	0.8608513	2.4464822	1.0549524	0.7940986	1.8308499	0.6729626	0.0	0.13042692646809553	0.17786263396708515	0.08344752686812613	0.34611780439226136	0.20086605920114406	0.28971592515424743	0.9728327048667672	0.5976400517160714	0.4399046219875301	0.34744866637762767	0.9010740907993142	0.6315014139435581	0.3698628211426082	0.6625995833298256	0.24325821742740616	0.4723827683725495	0.27888284162012483	0.18208945007960511	0.29178045385401596	0.7667480099086745	0.6927212240928284	0.27948040863275664	0.1433235282969156	1.1639522077928248	1.4541488496557946	0.6120321571723181	0.5347090691401352	2.247843125578645	0.9084154224281522	0.19100831227481288	0.704443497394124	2.8442543810092666	0.6734491924176561	0.8199355315854289	0.0
GAS2L3	0.008663294	0.028761202	0.04437929	0.4139881	0.42741728	0.4853794	0.21597078	0.41405672	0.104457006	0.9402849	0.19753861	0.1107181	0.0	0.26771504	0.08485766	0.04400419	0.096395485	0.39344567	0.3163002	0.35149595	0.016701883	0.04835945	0.07188377	0.0	0.02455957892049353	0.004256046939437636	0.0	0.025553245961353867	0.0399064891193618	0.037129238127999876	0.5632135012168042	0.1906125473046513	0.042210001405264354	0.0737705040487201	0.3080019193421195	0.14956738112280482	0.25684212926889044	0.7957398675345435	0.044211969873767354	0.34612226729953094	0.23089048296305073	0.1302819017117521	0.057155616512778035	0.1782205948392878	0.1724459759817763	0.19471521564941804	0.06787279596466986	0.053841654939444594	0.5558113577118599	0.1374977592272372	0.2996262521061163	0.0	0.023893539183324344	0.0015511265713611898	0.09141321724086891	0.021869473583466154	0.061358677961548695	0.07605514575407335	0.006231813680470978
GATA2	0.0055271164	0.052923128	0.0007500431	0.054312546	0.2771352	0.0	0.0031931538	0.0061235293	0.016548436	0.00421176	0.006041337	0.5013483	3.402019	0.0022072436	0.025021149	0.0006379126	0.0006469578	0.024691358	0.011995207	0.004885898	0.015435718	0.014973978	0.02704602	0.0	0.01463194237898298	0.0053888452780314604	0.0	0.1331918216721024	0.034073705002124456	0.059660683080080296	0.001777813438154013	0.0058760093144791786	0.02536349182967676	0.021488800424725802	0.0	0.01858291682752786	0.0057414849913777575	0.003273658968251327	0.003686604302405091	0.02155046972402908	0.606591025417292	0.6430502623943686	0.43714745978516095	0.002616592171303538	0.005110386350671996	0.001997007752343806	0.03766604271302649	0.010972708121113391	0.0061034614147140315	0.004561769920292336	0.00873880883811652	0.0	0.018607453447694204	0.017385152926902327	0.005466758911100886	0.03421960410850639	0.0668601036911004	0.021454599028668694	0.04020936872119029
GCSAM	0.16295981	0.0014729863	0.055044744	0.0	0.0004917535	0.011614436	0.011684972	0.053522386	0.066459425	0.007999297	0.43924344	0.0073936027	0.071220435	0.08869243	0.03177645	0.030585831	0.18247205	0.017101683	0.007584979	0.034877695	0.08377069	0.002692674	0.08512024	0.0	0.0019715268551851596	0.1937689857616623	0.05776758555100967	0.0007657173478282885	0.0017207332592377455	0.003922162300810927	0.038264410274503655	0.022146041691614344	0.11286841020287185	0.04143238352876769	0.07845963667822778	0.0007565564239138907	0.0015332250949988738	0.11428571428571428	0.18649648181426484	0.11246693882160333	0.021001145084384165	0.009159018916468467	0.0018186803417428758	0.09861696450766291	0.09088196602831858	0.1566207927023609	0.00967522165390023	0.014688188927129326	0.049626048665672884	0.01834360128234344	0.02536469607153411	0.013311325652258737	0.08336629199694019	0.12947690120728184	0.00360207996284982	0.0020753923126839665	0.07812703578771286	0.24800476085724096	0.0199391852484809
GHR	0.0072119143	0.04604448	0.008045994	0.0062996703	0.0163888	0.016200727	0.010341582	0.012570518	0.021141367	1.1639816	0.023509411	0.032825362	0.0	0.013408283	0.0024221025	0.0071394187	0.031835344	0.00848424	0.01434287	0.012988607	0.035625897	0.11596602	0.1140452	0.0	0.0065713861605309655	0.028225201709057374	0.0	0.03770653041493264	0.0658108833927082	0.06842091872944815	0.04395927448760698	0.009283510298578889	0.04203475156595814	0.01630944825478949	0.0	0.12338898312363615	0.03580153902922382	0.33975317912735964	0.06199573810689864	0.005692734422884461	0.07719774456825756	0.021242083729924383	0.03196537266583265	0.01938066160359064	0.03847985091118106	0.0	0.0	0.01614734996873543	0.03281486877146891	0.0038496310173496556	0.00011156918816303327	0.01653821979250227	0.02015482066078266	0.0004273370948819472	0.14323478945683868	0.119687612514361	0.07262158246271848	0.1994144736991181	0.0
GIT2	0.3679219	0.18802273	0.1368779	0.13470887	0.28636813	0.64217293	0.63619184	0.612333	0.3784937	0.113053285	0.46698585	0.5513612	0.10604426	0.45668396	0.5961239	0.13056213	0.5224133	0.6134473	0.88009393	0.5277851	0.33200622	0.108971335	0.4676672	0.13846874	0.17783302409683868	0.4429352989706287	0.36268140004455773	0.1284517098748037	0.1780039156774115	0.10646306933697994	0.5739518662216311	0.37200995368648904	0.41400989915491854	0.2910201430432368	0.37838165662428475	0.08463953286044906	0.11744409906118661	0.22393252555959917	0.37879299831614466	0.5104148509638438	0.6584152449288247	0.5412306482471779	0.28140912954314135	0.5591815075502098	0.45178549860053996	0.5657091749723674	0.4288063287901934	0.5976108754433922	0.6659262052982199	0.3811426113978585	0.45850056768027486	0.2521508436698418	0.33141106073959037	0.44977097495833845	0.10288112925808035	0.12903037416723484	0.33313191181724416	0.3189437554355532	1.0666715985753406
GJA5	0.019160546	0.09784747	0.0016343031	0.07918141	0.46717778	0.0	0.011545077	0.0007882236	0.0035716346	0.0005820464	0.0009907208	1.5402944	0.031497058	0.006260736	0.0006036971	0.00030804452	0.0026451668	0.00028463322	0.003055642	0.003374923	0.0035572655	0.009756555	0.08013119	0.0	0.0	0.0023673714431908547	0.0	0.13818950764991914	0.07500245444277018	0.21112494984883545	0.0024365711230824112	0.01064384650517177	0.0007226078161140986	0.009786146711583708	0.0	0.0021112853891092826	0.0011015619196378674	0.0	0.001321623171047776	0.0023107547242177556	1.9949827430399356	1.8673181236916772	0.9296581080930253	0.0	0.036973239090049466	0.0	0.0027367601445112276	0.0	0.00326840018354128	0.004334179285188175	0.0	0.0	0.005364211653728936	0.00011088006207833356	0.006712364479541414	0.01715266019804227	0.056582111436180964	0.128326965930531	0.0
GNB4	0.14944659	0.63862646	0.095422655	0.855367	0.6454272	1.200045	0.6342728	0.9836281	0.072292164	0.015500568	0.47222424	0.6499036	0.0847505	0.4592852	0.66036	0.03867669	0.66855085	1.392197	0.59277904	0.90335226	0.039488453	0.020106798	0.26044494	0.5512339	0.0674505765902837	0.14728226242644155	0.1767862624040322	0.48195885006852424	0.7854690103258083	0.4903966311184567	1.3778391863927884	0.9377464915424232	0.07189559325225943	0.0755111063502625	0.10615948398112902	0.035213263139892044	0.02305708329992825	0.0698750362020408	0.41864911515441877	0.6222362257986348	0.8318809509932957	0.4799871311265709	0.46513289551062353	0.5850481967543444	0.42952207008824195	0.5201356443183804	0.5019735829433487	0.6577714384068737	1.0713057931382035	0.7064795868773683	0.8036257150053385	0.08407682861600604	0.04520060406810952	0.02047660610351284	0.033452463006606564	0.00820383495445481	0.23130740612979742	0.3405377839391016	0.33065890129773623
GNG12	0.021882406	0.59737104	0.21365151	1.0965873	0.414051	0.15773484	0.04238505	0.110719346	0.031661667	0.2803349	0.014111948	0.40011463	0.2716653	0.012325622	0.0232436	0.0034849867	0.054233752	0.07723302	0.082112804	0.08370509	0.038482033	0.22178593	0.1940719	0.0	0.058405273810593614	0.0046428708498027485	0.009270383553071455	0.589876584682719	0.7494239576063734	0.45315553610701176	0.10458239022092056	0.04238330449647204	0.020765405438468713	0.0601103232640273	0.046169739544064135	0.31041427729691445	0.32487881373802013	0.3731331043055492	0.006558199538177753	0.004119028694664381	0.5249211340964158	0.5255950598623992	0.35791529485290374	0.01756717254569421	0.03261433802736097	0.007615301215532914	0.018866949646552743	0.053797671391570163	0.11402099802395181	0.08073439297245406	0.0366373621027024	0.0	0.04130325978065605	0.003898170826127608	0.2847153810743626	0.20422270715675703	0.23740299391918876	0.2551924785668974	0.0
GNLY	0.3767925	0.08589991	0.05542792	0.6141829	0.23473066	0.08335872	0.07321636	0.15453927	3.5921662	0.23816848	0.12056654	0.27386582	0.15969534	0.4126422	0.2529462	0.22240624	0.04003773	0.15107484	0.27334246	0.12458016	7.594461	0.13896921	2.5495963	0.017065989	0.12042368912059148	0.21105411940707508	0.7951483412694732	0.08642152188498517	0.1368628175444357	0.10297353626865974	0.23190822358946706	0.11877861874140783	3.05256052442452	3.9376735093000566	6.53628037473503	0.13489611855667016	0.05008363620257166	0.07793634757032536	0.1480442007494734	0.2355575229640662	0.30265888670771074	0.4886493980946416	0.21610455385793192	0.4031217930025511	0.12677822434265487	0.004208362047573388	0.34545925342322303	0.46761685441554324	0.17695117529289497	0.11032625187209721	0.12650863757268208	4.175447134538131	9.076483146458553	4.2120055860486305	0.12183578037353374	0.16816248151199586	6.867800375603018	0.22836623543783008	0.22782483546080567
GNPAT	0.20246084	0.33562365	0.1797047	0.5065617	0.29180166	0.30387267	0.14716312	0.20225923	0.2437894	1.1219037	0.154446	0.31565362	0.1511867	0.16691853	0.22840415	0.0790683	0.16719377	0.1821315	0.3551512	0.19625112	0.24148789	0.37434888	0.3403191	0.25130618	0.11520706680888144	0.31195227411316195	0.3027968274531402	0.25373759294257536	0.40003940994784554	0.2814994515081504	0.23159965886629963	0.17942899670110718	0.2757877571209132	0.2579180106765675	0.2119518021421284	0.45781552034513034	0.3407391369311557	0.38666032734762856	0.18409231297885087	0.1576485093488053	0.21671045811574996	0.37616743582313045	0.23583391030488085	0.28961700786652916	0.16368445853364436	0.25943601880163575	0.16096902180308578	0.31555107152476447	0.2389906800327627	0.19021806303986827	0.16401811114213727	0.29670168950960235	0.21595966322981663	0.36219696881201263	0.351562381034276	0.3699582348130224	0.20451603966687473	0.29158768622808184	0.7085166714588556
GNPTG	0.28197998	0.45717993	0.4660881	0.37988886	0.41838983	0.68715495	0.73168945	0.72868085	0.24609227	0.7063242	0.42277798	0.5320317	0.30588144	0.5256079	0.64571846	0.32417676	0.33297715	0.7414135	0.7098637	0.85790586	0.32826167	0.6400063	0.3940726	0.5058351	0.15007144189239616	0.16452924623989984	0.5012286273181566	0.26198287932993375	0.9216280885767426	0.23434320730828123	0.9739347521674301	0.40004846236918906	0.3527864895673433	0.16958571188234176	0.16817122960843012	0.2124536623547974	0.6751901290468844	0.23970018795558384	0.46623336914082214	0.3568332321117094	0.2986755821122607	1.1156132932048541	0.31292911304898613	0.783976132256125	0.2803134556473207	1.0009658694695216	0.4675408951859252	1.0452646459287556	1.1441266293362498	0.480163777959124	0.9088206639340891	0.5197860011806735	0.2430840748792618	0.5777624693530727	0.35759485246940587	1.2579110657211376	0.23767791006631794	0.5306639489906685	0.2143110217110255
GNS	0.20193857	0.22834475	0.15909424	0.3784063	0.56061006	1.6213114	1.0059197	1.4576218	0.12601162	0.7096285	0.5497374	0.72758543	0.39399186	0.45472944	1.1175339	0.123190284	1.5587592	2.0189004	0.9882394	1.5763047	0.2229481	0.3573961	0.3754188	0.022996856	0.1961830081460829	0.19373278700441193	0.14854113364187252	0.17265950078659997	0.32731216873426094	0.2362818977085588	2.247554087285988	1.0509097140303743	0.12711137695153726	0.1529326557978343	0.14792465143005457	0.28389100236743775	0.5437439486147074	0.43863569973724814	0.5898830213057776	0.9129308598288842	0.6725750916447506	0.9374918403639207	0.45003461467527817	0.38584482893877703	0.6018790245214446	0.8120045393738818	0.9917185562003649	1.2625315238042023	1.9748700993228259	0.9790151120155823	1.668664645019235	0.16348549607512242	0.2024105255211984	0.10851955404813933	0.45296138233450794	0.2765270059411523	0.3437768497485093	0.42198169654856565	0.33274380831116723
GPAM	0.2562768	0.06212933	0.07955433	0.037003707	0.10205403	0.07978183	0.012583819	0.042330604	0.058386855	0.54495287	0.045138586	0.08458042	0.30795762	0.023085117	0.0121457	0.032227978	0.034299694	0.05293422	0.07670241	0.04867192	0.080502786	1.1835332	0.22304109	0.0034131664	0.098613975231717	0.1239819845037405	0.05092901166930532	0.03686982811653358	0.07569279286283785	0.09322739914066151	0.0712355063325799	0.06843250273079675	0.04542525951482226	0.08708947474540325	0.05051657649650656	0.32434273109709627	0.12856584347086397	2.316946433682747	0.028923331286522445	0.0678294440611312	0.09261994642825502	0.05495713759723612	0.06352020742014639	0.05020088459640017	0.04828116064938051	0.008059760147716496	0.012708808188861467	0.04596550598332233	0.07543135786562906	0.035567523383204944	0.022813367893550825	0.013281623806272234	0.09410839641372054	0.030643171505057305	0.6990259507952298	0.9490928415833553	0.2431454173585599	0.22963082436068918	0.09736836383552254
GPC1	0.012120087	0.2968469	0.013954241	0.83665323	0.037326384	0.022106364	0.30779377	0.021457652	0.06717195	0.05447205	0.019778082	0.033874955	0.0	0.0047845915	0.007884883	0.0026848326	0.0053990316	0.002308175	0.0030125894	0.0057004704	0.011504944	0.061747693	0.057941347	0.0	0.02371201162716865	0.0053593371136735745	0.0007072298357329393	0.12396427056180769	0.3145893456612169	0.3500944478151004	0.043752615434313094	0.02784450289856641	0.02922019599377215	0.03418771122210037	0.11196224789964682	0.079974522547014	0.10858356866117867	0.09592209543500628	0.00581755147868013	0.000592713500603342	0.015496738221022821	0.042409151655276554	0.04195507312420249	0.00681641210071731	0.00620663142646821	0.009114661138308375	0.003666207499458561	0.0	0.004597497715308782	0.0069949686066018	0.005910346650366651	0.0	0.016737003073753205	0.00419386059158811	0.07817870176657189	0.059902641619196846	0.041588555398339	0.04196016587317472	0.0
GPR141	0.0003037559	0.0009244397	0.0	0.0	0.003021338	0.043871008	0.0	0.069459215	0.0035662863	0.0001338312	0.032119274	0.00047193756	0.0013318683	0.069987684	0.05835059	0.0	0.010645902	0.039819162	0.5334063	0.05040461	0.020846311	0.00015191492	0.0070538446	0.0	0.0004573681275642611	0.00047699095065720275	0.0	0.0006144399348838506	0.0014327807689135184	0.0017554399256252283	0.019229255116062532	0.026051576038427414	0.0016879811507169112	0.0027832972126770866	0.016509889176786148	5.168532003249906e-05	0.0005717824998845879	0.0	0.05584160613326564	0.053412827720857294	0.0	0.0012852822405260962	0.00045185102777395595	0.06312637908429974	0.049998835302687374	0.16923438304899824	0.04872590090259214	0.08347339011195723	0.048874043871787766	0.05394889784698076	0.0746950352907567	0.020321072850908548	0.02490509505413937	0.009863510688480912	0.0002809629207016431	0.0	0.01113372034761629	0.00726149640385026	0.0
GPR171	0.03134041	0.021751493	0.002817607	0.074225016	0.052666247	0.008605586	0.003554469	0.025649697	0.60783577	0.05496929	0.09956047	0.011579749	0.13824628	0.07164624	0.057557784	0.018107954	0.016152775	0.011098651	0.035633035	0.017834915	1.0055809	0.017701227	0.21848588	0.009440182	0.0414716214400484	0.06236141730646808	0.011862664612563386	0.01758186812570063	0.012868106891514911	0.03733288282302739	0.05607061746607664	0.014494126785383539	0.6793088256402257	0.4692759780127946	0.6706495201382097	0.006701555075316583	0.003767943068985761	0.03781589607299842	0.06604596379000982	0.06658032237842423	0.012742983514806863	0.004674589804639596	0.024725025142802226	0.19407417619134473	0.09828841310946254	0.041244607008073524	0.03360373248824557	0.10990109548432193	0.021952717143268914	0.029498943937624887	0.00544355056858674	1.0750932309534642	1.1263896165057476	0.6615222714194935	0.020310451395288063	0.02263212121342126	0.3441567943869469	0.12166002216995712	0.15841813071393965
GPX3	0.22217834	5.946415	0.20298734	3.3524494	1.0971518	0.5065652	0.71225435	0.67013	0.322404	2.2262082	0.26896825	0.9863235	0.23593333	0.27436316	0.21092054	0.19750792	0.68162274	0.9246893	0.60137755	0.8120124	0.33665895	2.6592002	1.7006334	0.036689132	0.3536552404822337	0.21842857364543217	0.004445800291558556	8.946235150862721	4.772808358238818	6.674096947810419	0.7087535002166822	0.7802990471976134	0.18601396413451393	0.5522438757074337	0.02623198065534705	2.4256404480558564	0.6748656186596038	0.9713910502165997	0.19974551428038062	0.10557286405106092	0.3181879822573433	0.8217604671564951	1.3452128523902787	0.34619676729789317	0.36693797630674696	0.22940024144345744	0.19087111328271097	0.32989778782516227	0.9411907539724279	0.73365242657252	0.39638269436466794	0.2029686401416729	0.45416536443395394	0.004927250730381934	1.911845327726646	3.3695222924171295	1.1909074573642624	2.6380648794210875	0.0
GRB14	0.0259019	0.0077772844	0.032579858	0.003681755	0.000667553	0.03221575	0.036235966	0.035562225	0.025951851	0.87735385	0.012333568	0.012049622	0.0016997957	0.005695165	0.010056313	0.014869994	0.019721854	0.027006686	0.0031468347	0.014639368	0.022401605	0.28569898	0.053445358	0.0	0.04541541830433529	0.0033622401614524042	0.004436494274572892	0.005713389388996179	0.0060338655290382995	0.013336326238177666	0.02583185735805038	0.0674195343924547	0.010281580681268453	0.052123743553592394	0.001777466785694872	0.28217903290369467	0.17620746898323314	0.3799169798789941	0.015018146149473124	0.0010223914980107495	0.011562294360599773	0.004400076092900457	0.02206875050718782	0.02210989744562891	0.00395978027082317	0.001734267182064496	0.0037154312699684182	0.036918707168628356	0.019611021689615437	0.011291299287636733	0.002753184128783707	0.03815221244638616	0.031048946143060297	0.0005903483899320287	0.24556785328710493	0.3629908352607163	0.01789802501854279	0.12001947224930855	0.0
GRSF1	0.41528624	0.4352626	0.30978644	0.51687366	0.4459869	0.577634	0.22633736	0.42370534	0.6095778	0.41433066	2.0260742	0.4368679	0.821797	0.88953054	0.42671543	0.5199562	0.48420575	0.482796	0.6657314	0.5203587	0.7342341	0.47855338	0.8292634	0.33901197	0.18000521535518474	0.23055509578624628	0.7762780904858114	0.2594006539652033	0.7578202643721957	0.40442119075861016	0.5292879802907668	0.5037821383152133	0.895573398493424	0.470903542811113	0.5169455456426106	0.34266955367745144	0.7253662034568588	0.49842331562136194	0.8100572973155227	0.5632727764635623	0.42408512700553064	0.6587077855859478	0.37791660271692085	1.059350387404169	0.5275115809636008	0.8687321695996567	0.4080622993284919	0.9164373713942349	0.6171732095505257	0.4475836631568773	0.4558483969159236	2.837339302162072	0.40315150542958733	0.9949589751642192	0.3261514816516802	0.8231254029966207	0.3025853006877216	1.0709359485781775	1.7615709210561892
GTF2H4	0.022419732	0.010209549	0.4430668	0.002997785	0.08012971	0.035757534	0.0	0.017516395	0.01587697	0.013345271	0.012504381	0.034474522	0.0	0.010869993	0.0013583945	0.0018352139	0.0077412804	0.032853507	0.015931902	0.019192616	0.016081998	0.018707817	0.02580761	0.0	0.01415495103161346	0.026718315950912223	0.02318211390461083	0.0059454775131919935	0.017071585983793276	0.017526237535894287	0.043172134917843254	0.004257752848122514	0.00861098533394242	0.005257218787330414	0.08229479695343925	0.003414211965169406	0.005973785768646028	0.17438230279631217	0.0009255882359659422	0.05155853301787229	0.1061331597580369	0.006299252727307485	0.01494970463781744	0.0	0.02644600807622121	0.01703396714732454	0.002173431181326145	0.0	0.03335503344681649	0.00494977465342203	0.01600573753005568	0.0	0.021308273314801767	0.0059750854382182835	0.036279437206171876	0.006131046330400714	0.03410459061139196	0.006644339689735921	0.07580191139080063
GYPC	1.1661084	1.6660596	1.1434574	1.745567	2.7416587	2.2170455	2.7710733	2.210109	2.408389	0.29308563	0.8559291	2.4427338	0.5745325	0.98061836	0.4431545	0.86068106	4.4771376	2.639783	3.0023224	2.4822538	2.2351646	0.22414298	1.9461559	0.29635638	0.9829550184129574	1.1232100734646489	1.6884276769746196	1.3151500170842487	1.8223299374826707	1.3783982701166309	3.252338887858458	1.250988997679165	2.8344827995049493	2.2677836213941878	1.833251199933589	0.5047464433423896	0.14244901263597626	0.6765141966307692	0.8721679014037135	0.6452455382708318	1.5697704567243853	3.1871496961060464	2.939528043699863	0.5941214325073615	0.5818064291268108	0.996896239981437	0.6324988447146204	0.5308450703368901	3.1783183661728494	2.6379829071731975	1.347757862031843	2.378946859186346	1.8161137631678361	3.781171109670333	0.3483074921983352	0.10060828604315922	2.024160145424762	1.3870908617535822	2.3712367752886756
GZMB	3.3386445	0.023466645	0.118888654	0.4803798	0.2696827	0.020162748	0.013370308	0.10548158	2.2244666	0.17100975	0.08744662	0.06979357	0.10031498	0.092672236	0.089552335	6.3539023	0.13570742	0.053648066	0.107678175	0.05638752	2.864154	0.06759751	1.3856132	42.98039	2.7965337199093385	1.384464555503453	5.705879773265664	0.021262258403954338	0.008810827526661432	0.08576179317100528	0.09834677908886032	0.09336885250496245	1.7092157736631701	4.248949226841238	2.387961326099423	0.18446068098443055	0.06014016796825544	0.007677086468400626	0.07668575931021514	0.1487785385701898	0.12320382082394858	0.07233053704200991	0.07106783827250357	0.2883951448585601	0.07109663030656865	0.03811353095304295	0.06839708349962528	0.19973202273418578	0.07145000977092848	0.06633202102889954	0.03314790470303831	3.1172492881873985	3.3955038963255273	0.8143285020722172	0.09898283056343332	0.06768669918768509	1.411086765876013	1.0071399488011241	3.6908604906461138
GZMH	0.08013245	0.056064982	0.041510224	0.058723416	0.06036662	0.018688265	0.0	0.059737276	1.2426441	0.1849523	0.055001304	0.062709436	0.016654756	0.039410975	0.05254098	0.1547945	0.021213382	0.07231666	0.095320605	0.039741438	2.2668633	0.042887807	0.28586814	0.14377864	0.06815952573325416	0.1029132313198101	0.14705326121906775	0.03707288152274501	0.02670845306230372	0.06098720038717779	0.05147157373720434	0.037194430697053506	0.9474839684107559	2.129143153791758	1.479355771491978	0.06176397180547168	0.010596489622039379	0.00876804569671894	0.06865620320359472	0.05552105713366029	0.05442061766026403	0.07443378803861261	0.08098414022004947	0.10056887735446679	0.045106613325677385	0.011284354476573345	0.058233114803588525	0.1741487422559369	0.047611484087129105	0.059911158333116804	0.02123571679592852	1.5678554089038403	2.731996947218718	0.9677297216317293	0.05282193899480163	0.041830223591209324	0.7749038991132414	0.10690051111365159	0.15306890609232646
GZMK	0.053048056	0.06407877	0.036802456	0.06393915	0.060087852	0.0059363293	0.10743071	0.075260036	1.7024679	0.022486398	0.0550632	0.073431715	0.106197536	0.05573777	0.086360775	0.02833001	0.05780706	0.06071014	0.05986328	0.051012017	2.5584474	0.038622096	1.3681479	0.028610487	0.039085418555056005	0.06442878438685627	0.12015522931848276	0.059805257724422765	0.06632287153994652	0.10433632834389862	0.08099434395587685	0.03375784730836388	1.9781093815932238	2.7501316011163675	0.8811748326645898	0.04820641109864302	0.021728915108445792	0.0029748056469292477	0.08459520682552128	0.029872430114369748	0.046949744078043865	0.0759371802749404	0.14334743110192033	0.019196607998687384	0.17272475301042278	0.05029846170681414	0.15134256618162215	0.204832446654097	0.05251562784008527	0.056356137335981216	0.0509261030066817	0.3534518712526792	2.8356511069476427	3.2851871400664887	0.06748909856649594	0.013739950909185662	3.599638204806742	0.16940614218848435	0.10357423330912142
GZMM	0.04897126	0.05195122	0.027598688	0.008569596	0.04509436	0.006583759	0.019853394	0.027269732	0.99231595	0.11854948	0.03787465	0.0560062	0.08564103	0.02351634	0.06271527	0.037102304	0.013521487	0.067725845	0.10075132	0.023183424	1.9197769	0.030603478	0.7045767	0.12190666	0.050355994882528565	0.04329951083574383	0.13686961988561705	0.038892687424054696	0.022766877583316976	0.03479902280791099	0.046936561811226206	0.013250903405924407	1.088625407391965	0.76763431676728	0.9000142462895275	0.030001399632772107	0.03632599392714357	0.0957211941333827	0.06593603686994697	0.03932570341216939	0.05296592419155421	0.07502711803528836	0.04325643719892118	0.02181087596642563	0.030266890844132775	0.055052374186251356	0.06977647192592532	0.10432048648388081	0.033256318050326555	0.0287660329494587	0.009150576111594694	1.0653848363207532	1.6249253795926912	3.4854484384305096	0.045488861587823406	0.028334744810155223	2.1905989182928374	0.04820954990929755	0.11512834072682734
H2AFV	1.2077652	1.0838623	3.3524141	4.2028556	3.8277793	4.114917	4.1851563	4.295806	7.634185	3.2610168	1.8141061	1.2964808	1.9948958	2.9651942	1.1044936	1.1966743	1.0779505	1.3818315	1.6314409	1.1718508	2.024105	1.429728	1.90012	1.4274333	0.7839198505983004	0.9896299209110775	2.8723637247160703	0.97527919952402	1.2916545103337598	0.9435837068013543	3.516694759938505	3.0755975322034956	9.965088056162738	5.709058890408603	5.294425772857022	2.887890516980978	3.6468213805239915	2.8933662358175942	1.8324992642971163	1.341733122304607	1.1423000203939793	1.7183157290750337	1.0598266971274022	3.700058308890629	1.4708375152256137	1.7608745641481225	1.2928290101378832	1.4501843968230916	1.092253250293601	1.1004956793011864	1.5724753438817327	4.396493381648869	1.6287320841331108	2.3736856292691324	0.9921418018087118	2.1015891858701123	1.3670264880757361	1.766944201185196	1.9724908603795037
HARS	0.20643528	0.40186405	0.9885765	0.54750043	0.42082232	0.21877404	0.13138081	0.3391642	0.426464	0.31715629	0.12873362	0.3377062	0.34479946	0.17464572	0.16132323	0.16547126	0.26872414	0.15022692	0.21996498	0.2191039	0.30559126	0.26176995	0.3856776	0.49518538	0.15007778432754704	0.2105378986809059	0.35555986683745044	0.37498350547026377	0.5391199409659935	0.4212358326623953	0.24767578910751512	0.2551310034897776	0.43471907493704376	0.32928833336707597	0.31140788379631423	0.32403697656772384	0.28035607213571706	0.31564387781866665	0.15852350537630186	0.14281194288079313	0.3214741012054814	0.3684656157544721	0.32289640400066755	0.24200633494672513	0.14788310720452227	0.28724233462244564	0.1902571276526536	0.19468544490495346	0.17340978327110335	0.1869357714494594	0.20834034990210182	0.36632176962765783	0.26837732385267365	0.3792708525160647	0.2431406471068343	0.31860980120474525	0.2523076997799175	0.2961123176267561	1.1116724363408828
HAVCR2	0.08371419	0.027095782	0.014955739	0.032357913	0.069600224	1.0068227	0.4283587	0.8831417	0.38714445	0.02040619	0.7654484	0.0357441	0.47867006	0.9257376	0.6218374	0.03968168	0.7419952	1.3413084	0.6150532	0.98164785	0.39795756	0.031123504	0.32144368	0.02139916	0.08147173458687992	0.05911046714875938	0.048438484208064854	0.005399126073378071	0.011095358581289586	0.024475648501078116	1.0834711204618572	0.8977503745073289	0.452708370610753	0.4696990563166353	0.406926619612984	0.021023210897186784	0.015190704479420662	0.0757524720553694	0.6326360877370218	0.9741546156712634	0.07304517512880507	0.020075704961002964	0.027561888278366913	1.0276361498709248	0.9689747905509403	0.7735040932163391	0.5290764984439156	0.5066087697801616	1.0853587129067952	0.79351601788453	1.0106560538579676	0.5744554408184894	0.3922017011615436	0.1484270562983581	0.04473554682366761	0.02968214480235549	0.36132386537481087	0.5055782881312152	0.38408890272784924
HBA1	7.3553967	0.8732657	0.3439078	2.2810097	1.205729	0.04769688	0.0052837925	0.124012604	1.6671791	0.16821489	10.693138	1.0927842	0.0	1.9457057	0.8258725	0.022206632	0.47611514	0.029025948	0.13934313	0.3245719	1.6828686	0.70102894	4.7488036	0.4312027	0.590619633525202	0.3308142200678041	0.011015089172305483	0.5963847286412483	0.0	0.6632992718607588	0.062296761354370324	0.11877748282477281	0.033028053345647054	5.805655461178094	0.0	0.22402581789772658	0.1982053363144158	0.0	1.397363117684292	0.0049514470068578115	0.002040161103412136	0.0038048037911550727	1.0794082386174335	9.649135806530275	0.00531565592389383	0.019227348639788373	0.20168766645434935	0.1223493111854832	0.1064169946737339	0.4755811164354788	0.10108794429617358	0.21775130946914872	2.6484149323442203	0.01640604515072649	0.6971088619064646	0.015954466418169236	8.36363108458449	1.4943224313355457	1.2115742442353774
HEXA	0.28024596	0.5175886	0.334212	0.5263508	0.5350922	1.4123657	0.7377035	1.3887064	0.3500487	0.8032528	0.5291136	0.6709116	0.40605956	1.051271	0.5357901	0.14912155	1.3475919	1.5446875	1.4415594	1.7157514	0.37477463	0.65794975	0.48608986	0.5854089	0.39259498131592013	0.2323348704419656	0.23527496728902367	0.4695096266467228	0.30414294472088255	0.688000864303906	1.8980877324504313	1.3538190663237044	0.23622498553263815	0.5343536434533945	0.36667411989226917	0.7536748319460559	0.6462954698878938	0.63343227367683	0.6715589516453939	0.6558560506413886	0.6374903187652752	0.549740501026452	0.6876485928652377	0.5402361874535193	0.9027419770758711	0.9149051441231595	0.5344940295487882	0.5686905992582454	1.7575071258433717	1.64251241323182	1.4888699594643071	0.2516671623502459	0.4732732805993623	0.15546904925916435	0.7273912266389994	0.6286852373712253	0.47869036236472495	0.48908461537963027	0.2289239293498692
HEY1	0.014145771	0.22957034	0.018796863	0.16692215	0.56841683	0.023948794	0.042840503	0.012789661	0.01618034	0.41187602	0.051899612	1.5006863	0.63071203	0.03238376	0.024202945	0.0021954027	0.003151105	0.014438083	0.013879771	0.031903915	0.019540066	0.05059002	0.10308149	0.0	0.02620087913566614	0.006308703909667906	0.007031696336763399	0.2501105561944649	0.1861598122037753	0.329431922295637	0.027056342185223646	0.05581492659744517	0.007190300669271623	0.040418305624869616	0.0	0.07154842145783426	0.15866632634035982	0.19698610963492558	0.03895044485677318	0.05719305432850534	2.482436527768036	1.0429123071528363	1.2933031460165378	0.0015514489543231235	0.06708275857666685	0.00954320404248391	0.03323497442183661	0.02998308624562188	0.01740355609513413	0.019515878740339887	0.03397531974087911	0.0	0.025244719711908115	0.003228938161951672	0.07051833777942275	0.048589434477041	0.16153609394477766	0.11675519552977094	0.0
HIP1	0.12337752	0.5287654	0.059934333	0.65821475	1.1255251	0.087939225	0.089844085	0.12157949	0.1206996	0.105216265	0.20539035	0.71564716	0.062332455	0.2386165	0.17027575	0.39400086	0.0292265	0.18106113	0.08011548	0.18635994	0.09080221	0.19510762	0.2775579	0.70704573	0.06038700649742823	0.058002608550592305	0.22882227430207358	0.4236675874543148	0.9673740593071095	0.3152059251036398	0.16790417432767155	0.07116146240630065	0.15897742101327192	0.09073379088986895	0.22055908380710096	0.13971744743114572	0.181158787839924	0.4244287439167793	0.21030786533478213	0.31540701762982115	0.8648897509866827	1.1732766285209153	0.43472994887725763	0.21969923100525035	0.12764303638962046	0.4358343365483279	0.13648652839474337	0.19431091665588235	0.2393866672404847	0.095014484097087	0.18002515927066481	0.1331048657367756	0.0987807925485596	0.050044845369373925	0.1316096275503535	0.27809900090175455	0.33403425090210676	0.15373912953206384	0.23001285765456195
HIST1H1B	0.07274985	0.0015142529	1.2536058	0.45724604	0.6369789	0.43194836	0.49222803	0.5631122	1.8448864	0.25202987	0.03493395	0.009430807	0.30978742	0.322258	0.039848402	0.31423038	0.011261367	0.013358218	0.019925116	0.015799683	0.056263674	0.007486696	5.677549	0.0040660882	0.0028281259452534123	0.027204710132453628	0.3091238468220455	0.0	0.004542758654812614	0.0	0.5034821535335814	0.1398554800506825	3.670927768028834	0.13588220338215787	2.1796035132704454	0.09426765135784113	0.23839122102828988	0.15355754720753637	0.03561530156449532	0.08684295606300951	0.017813968973516357	0.022388994693756104	4.883892374274172e-05	1.3126954940936697	0.01140283095608851	0.07411527084456496	0.050376728604745125	0.056590651925257196	0.025351881488751688	0.0074710826124484075	0.01839441297014678	0.329618364804751	0.020374105937323733	0.08220336942183985	0.0036358826699989435	0.01041178717335378	0.04555487162375394	0.05959941621946309	22.83561764751795
HIST1H1D	0.28330582	0.015504773	0.79602146	0.22145872	0.5860076	0.5020997	0.51788485	0.6755051	2.47236	0.021309877	0.18761194	0.03886699	0.8316323	0.652011	0.10909968	1.2098494	0.013206147	0.028021425	0.030106131	0.051979177	0.6203842	0.008006824	0.84563607	0.08543521	0.03814729302567522	0.25374237855350446	0.7074139117233122	0.00839779475700401	0.028535924767979552	0.00511809466026248	0.8802191511119878	0.18722505455510288	4.6965578681503075	0.30286457621461643	2.9151704438660357	0.03625347511399184	0.010156083379984603	0.005000756218515593	0.21877451821782193	0.21720877779971898	0.04468002306710272	0.07342072350712799	0.01726888876587926	2.8436996992047754	0.05070769999779254	0.181087614690651	0.07792617912757024	0.39630534865163314	0.07744723692617567	0.014285931959113625	0.08747439911948002	2.262046365614061	0.37343360991977576	1.0319595416548495	0.004861708761310265	0.015558891111061353	0.19396420098254136	0.17866392172220472	4.603918663172316
HIST1H4C	1.6471504	1.1267914	14.158678	8.802907	8.338148	8.994808	11.058441	7.229078	28.405436	4.261392	2.1521235	0.90372777	7.847773	4.423845	1.0727577	5.811329	0.88920903	1.5033691	1.473992	0.73835886	2.5699258	0.8276645	6.9165726	1.3830144	1.0302131003390724	2.3390158289669096	2.0379933588809194	1.0169959808372682	1.6888316324350838	0.7421759682462058	5.343734712221386	6.1164761648801536	40.22871275830335	17.876703174662246	26.12152989439541	6.498267309209286	5.630443374904429	4.318629718648976	1.444983336153814	1.628251397080251	0.7598606411359753	1.2131263233739658	0.8909890849398912	12.227048249506675	1.1354301796456514	1.244170095034645	0.7190706294262674	1.475823575969908	0.8484355463675282	0.8063307863554222	0.6645352084649258	5.995956143465909	1.7798554965749698	2.934295944746462	0.9473901882760898	0.7792698302906503	2.1416384306479244	3.4873489364697883	5.217564847382992
HLA-DOA	0.4041515	0.027248757	0.27638006	0.006403208	0.11594268	0.7289799	0.38582653	0.6244408	0.052868776	0.0070370384	0.7728774	0.057866275	0.10586647	0.79872525	0.25850368	0.11577065	0.941092	0.78215295	1.4540583	0.9103503	0.04167847	0.027842581	0.14998026	0.3601954	0.08450934733867285	0.5103104756838633	0.33707433742302645	0.012530058932581507	0.024857903137638943	0.010024055354439938	0.7252724773890505	0.6896811017159705	0.060418211550087836	0.06224760836094099	0.06296994480817313	0.013453994291717708	0.008250838291099936	0.03266127558764566	0.7699012699822463	0.5087142996688516	0.08525836679283046	0.0788771663995291	0.04232654358154384	1.4381284398010794	0.8158749487967919	1.1223478920671943	0.22710601152287047	0.2586136238453523	1.1253123526671658	0.7207017223259512	0.8676470992455616	0.014730577809470041	0.043379529510021095	0.0627631858552849	0.010420892133543224	0.012841892503136259	0.05100876638049839	0.28954367251729074	0.2908537581211232
HMGB2	0.872746	0.6926489	6.507794	4.7717505	6.2814827	4.362285	6.337106	6.1278515	20.033276	3.0486994	1.8971993	0.9377872	3.7414951	5.363484	2.727416	1.491063	1.1038716	0.9729291	1.0504391	0.93183076	2.652742	0.5301129	7.5433135	0.44970125	0.7244706547931856	0.9281882667569602	1.4019681080558355	0.8339097733521292	0.4862916031236961	0.924731787938326	4.660601460714553	5.013743457811588	22.018200988183697	19.76411470751677	15.730744249813213	4.012373700908821	2.801087467182865	3.0892564012499277	1.673680872080514	2.0361466707517075	0.8158591322891496	0.6321887868705884	1.4028811130469383	6.886506790968125	2.292446342000072	0.6019723804864783	1.7850862421411449	5.434863268179585	0.8641195615079448	1.1623758029710634	0.9036369639260803	4.394852397968243	2.8766352128401165	1.108108046460667	0.5247688468086572	0.6207664969369096	1.9397251319968005	2.3122221146498605	14.957516250494054
HMGCS1	0.39829558	0.19813208	0.44195396	0.1950409	0.5909135	0.34726557	0.801571	0.34247464	0.4846378	1.1752462	0.2781926	0.53265035	0.6756668	0.23098753	0.26076367	0.52989626	0.18516985	0.33785868	0.2616354	0.25933832	0.43461242	2.5532422	0.6569018	0.03854187	0.5346719308428409	0.3252846457001259	0.1942219225283697	0.27991367474940615	0.13644737035340582	0.3122016509165205	0.25972317736074113	0.3259453966887044	0.3010593007179569	0.6070836781326975	0.7426754027530669	1.349435668595432	1.0042656156632157	3.745247744104545	0.15499176246909294	0.4862826551668566	1.0943116561164603	0.321190676008976	0.3671262664997545	0.18119288197245675	0.29691324947130526	0.280309755278965	0.18778710550605046	0.22208991576874876	0.265303092799111	0.2427937751598892	0.26222560937613737	0.3043175034708791	0.4633970884614326	0.15554240793895757	1.615692629508894	0.8663426187651031	0.5010736045647558	0.536112090500114	0.9534852845452798
HMOX1	0.29401007	0.11858115	0.08512768	0.1668814	0.22864339	6.274961	1.33336	3.9958413	0.16420487	0.19165929	1.7636623	0.24748284	0.108906	1.2312479	2.0492966	0.16815284	3.6073682	4.1978707	4.4180083	4.4058	0.21345858	0.3023588	0.4360629	0.04483941	0.2357593133702353	0.2438631810571963	0.22502668306116336	0.03483943044412532	0.13015887138832538	0.24662583604628072	4.552974036756911	3.3598465419344294	0.174497420678084	0.2724396874413615	0.09801812993231583	0.1687327238140636	0.40565889560543794	0.5521081067071172	1.294892164198441	3.377385527243497	0.3309951179106973	0.27142385170953887	0.17704829482513973	0.4676942827241093	1.6702069694636499	1.680767849750961	2.642137446620454	1.2786016099875863	5.146850884893703	3.367052365063797	3.645242947340926	0.4922192850670258	0.2309719826114406	0.049038766300018855	0.34292652834997667	0.24160927939404023	0.23209858303425582	0.5113942353270212	0.3902950000491842
HP	1.4785964	0.82753175	1.1523707	0.9715934	0.6461622	1.2653862	2.8181167	1.062328	2.0096836	12.897847	0.7661783	0.81968147	1.1769309	0.78942764	1.1460145	1.0412471	1.8528703	0.89762247	1.0178335	1.0978265	2.1495087	28.090322	7.939824	0.23348954	1.5804248694697558	0.8821993982709516	0.03295213014886404	0.5002909714522761	0.15064312330170865	2.8631864586527165	1.380969686810428	1.2579738694557432	1.2038535028673747	2.835982978166259	0.10915221934522537	20.698566737454343	2.2036603662859036	8.697602941954663	1.047266746795453	0.16026280767239615	0.3836097985251354	0.43062170691085433	1.6468915057144262	1.6399666624595364	0.5690319756866906	0.15974190516048004	0.3803177143361279	3.4133146085505617	1.434103484145122	1.3240255336230562	0.0898658904328352	4.544938778567624	2.340101427624794	0.05011465453894395	23.44092082741162	33.027530488667544	1.4774432283783112	16.494709758461312	0.03930530862568954
HPGD	0.17157692	0.041030843	0.091532335	0.18543772	0.06704894	0.036286592	0.03619192	0.14886981	0.7473052	0.85511905	0.048424393	0.03311416	15.073838	0.088341534	0.21822628	0.07114221	0.030108687	0.021558763	0.08068986	0.039433528	0.4349177	1.4298693	0.10153957	0.0017589078	0.3571182313889376	0.029695732284252215	0.26665845846421815	0.02255130882650277	0.03187872581313845	0.062336167731168346	0.044604333421138474	0.03932970439583925	1.062465542449051	0.3743298458020421	0.558152690348685	0.7502124423096485	0.543234007599388	1.8966905922725283	0.035073668706356975	0.1020204924587868	0.023231801235793985	0.07908724648794267	0.018927454911215596	0.0306920137463074	0.11834487316396586	0.0134085640587917	0.2468504084394166	0.18898105197210235	0.0463644170092903	0.04553917696785464	0.03289914755007007	0.2457761185509818	0.47385214300127815	0.3728710067534644	0.9103473818111485	1.1467323850233095	0.13086379982253402	0.07887607208094947	0.19693829162048232
HPGDS	0.053004693	0.008294335	0.0019618305	0.002351558	0.047975183	0.5397617	0.2110961	0.37976754	0.1573635	0.044889398	0.08397343	0.012691577	13.043549	0.074992925	0.14731762	0.0	0.3051548	0.24732764	0.28846604	0.40488434	0.09019916	0.05587413	0.008621566	0.0	0.13666515380891084	0.0	0.04476549794300964	0.0019081938965494214	0.015779774199523422	0.013319380049337116	0.5223378932651146	0.17038489402614815	0.2627886246295143	0.0466351906837913	0.027991756773922852	0.011502389791369637	0.0027464437805180424	0.0	0.22261976027964495	0.025314357405684707	0.011043194582876519	0.032239898277470286	0.007638068968363883	0.06620130470556276	0.03861289631070218	0.21441973841537193	0.08100920104778551	0.04218218192890134	0.36741220001975394	0.22431531246005915	0.26727326673019114	0.3956977026803153	0.07143471452052938	0.05006125425066952	0.006250739101183435	0.13400344058755986	0.01440841541433444	0.010867620899214985	0.0
HSD17B14	0.030960593	0.04461713	0.013235525	0.038220212	0.06497801	0.21272044	0.19570492	0.23256922	0.04490073	0.13860698	0.06321876	0.109149046	0.038276516	0.035132896	0.022968689	0.004556095	0.102416635	0.30708802	0.26458168	0.42123643	0.042181306	0.2662176	0.060352456	0.0	0.05234492026121959	0.02003986723236277	0.02622714941042457	0.027809342153996965	0.013922149165231372	0.11895338770938443	0.1915031504612399	0.3724281904656763	0.027962583243137752	0.05459218610247201	0.0036937660936798367	0.22257495906849217	0.2004556040943022	0.0017076928553910091	0.07486834417133517	0.011062442012499861	0.06710642577915137	0.10201101675536857	0.1560774854304259	0.0029321521404217493	0.024578358804195975	0.06022410485054664	0.0309787196528421	0.028358294863213198	0.3330251594499396	0.4727108330747518	0.23779482798899843	0.07190423584603643	0.04989522718676309	0.020818860167819732	0.23423887328274723	0.3298025054860122	0.05492490724726086	0.14441381747542256	0.0
HSH2D	0.4509012	0.0077512884	0.31993014	0.0075445245	0.06175585	0.022286225	0.019410584	0.031157428	0.23050158	0.14548627	0.27095217	0.018115155	0.11774625	0.15395649	0.22287741	1.6010971	0.018240508	0.019053297	0.007974787	0.012676047	0.27437463	0.016809613	0.28284335	0.030464958	0.35800930005028647	0.45009364089278725	0.8685951562580932	0.002976100792805065	0.01104828882915619	0.0049953726471654355	0.045097394130972836	0.031236498918562634	0.3291318013566603	0.17277745272285971	0.28190773002236486	0.02717853260272931	0.026730305446636834	0.0015853705077335752	0.3107534220383391	0.1087224861736993	0.009443830431095486	0.05483106611146545	0.008323429240312995	0.3545964994420529	0.11133460020066868	0.16206415981848335	0.14189095413173575	0.2720623950899933	0.01498596958478138	0.014538120033975397	0.011443353781346172	0.33499386047388047	0.27944990082895077	0.22484050914907977	0.022450403523593246	0.014219778555410881	0.39804149637970637	0.27753150677427885	0.3821538019421928
HSPA1B	9.242641	7.0866094	5.4729633	4.1002603	9.184954	5.9700594	10.195815	7.897171	11.710096	4.054179	15.430424	10.614328	4.259284	14.872248	14.022748	21.146336	15.8348055	8.240297	21.091854	9.35398	13.224541	5.006474	8.527217	9.351835	8.981415926748543	7.903291237457871	7.570563311083963	6.002110588276453	5.334180285457708	12.548255365418672	9.31546148015185	7.6910359764480125	6.4412953483259345	6.419999856778844	26.05316198959185	2.315377945565293	5.025301513827553	5.030214491971021	6.826696398394843	32.29184202910971	26.135894121284146	4.232926552216161	7.75959166056505	10.450810719146018	21.34702023267845	11.031539255232074	13.11759866007248	12.972709962371452	11.316121494517066	7.891704198770219	9.140091917416292	4.466965395444399	16.482323571145976	3.4384170069799858	4.300926066747314	5.201479653909451	17.024966943517946	4.953975133183628	1.1552136316717083
HSPB8	0.0012445686	0.47685853	0.005342605	1.03189	0.08450036	0.0004854265	0.0024945368	0.011519378	0.007411979	0.05397753	0.000814595	0.0960781	0.0	0.0023225623	0.0016107981	0.0011548501	0.0	0.0007201735	0.0012367691	0.00228632	0.004946298	0.1926736	0.05785213	0.0	0.0007190397029173719	0.0054562095911124915	0.0	0.44957586258274806	0.8362673897264027	0.20064157926296874	0.002629120683202838	0.004518234703359888	0.00043240167425646886	0.013741057775065476	0.013990083566078773	0.012206014570831569	0.21250992632129734	0.0035223508703297584	0.000380547335351932	0.0028885330010323504	0.11398854056032538	0.21726024439163052	0.04409350522408183	0.008187704470963878	0.0036115140258642267	0.0	0.0013231696360614669	0.0	0.0026022917998504316	0.0019566483427744304	0.004364558431391974	0.0	0.00461219472253219	0.00201028118347082	0.12448757463723345	0.2665669308058137	0.07765125301239625	0.04894506081264581	0.0
HVCN1	0.8841815	0.12823215	0.51035774	0.13585795	0.1663981	0.29273164	0.46649447	0.3690669	0.08047032	0.021593777	0.3376021	0.16013001	0.015572922	0.3755728	0.28918532	0.17894459	0.33866438	0.31353822	0.32587737	0.41778082	0.084372915	0.01814152	0.15536274	0.68741727	0.2620094708321246	1.2492557801344586	0.9853688259133717	0.13039190465177844	0.16409584898892568	0.16331353943893964	0.4601910774695562	0.2683742715855524	0.13016844541318306	0.05886402496339272	0.0530205546598148	0.024678056148421567	0.042592399961774746	0.0	0.3737366380384259	0.2966035345200438	0.22199384868493635	0.19011823065528116	0.14795446969088988	0.47644902884111034	0.31819028951212736	0.45310663323584416	0.28499213969599807	0.5292086421225068	0.5428575928396471	0.27837900712283115	0.4303648502226694	0.19336391083605875	0.058358903711276104	0.1494115038324157	0.021002614835576694	0.01917173703438235	0.1472738253999123	0.34926748044864175	0.09963104959029877
HYLS1	0.059123095	0.06296828	0.5333871	0.048909802	0.08575767	0.078867994	0.08708898	0.11023009	0.1331671	0.082556956	0.032377016	0.042029824	0.015816834	0.02643849	0.023526132	0.024304591	0.05149754	0.037428416	0.030120527	0.022143876	0.043947823	0.048900872	0.060996227	0.025568042	0.019434035465581898	0.04249942071053847	0.07378441157128274	0.09753988639714714	0.05513353200282496	0.035112946134898994	0.08624432426269975	0.034364974460995124	0.13000189434617831	0.11232552304400804	0.09746131262585268	0.11462116037869717	0.07183620894762129	0.16597368972642082	0.05542356475519633	0.01974726233272603	0.036608192855101744	0.05904994825532629	0.0517419555530638	0.06521112297296845	0.016587924708664173	0.023203697966701062	0.029408753015577542	0.021621865703973064	0.03266680027950592	0.014330794766972866	0.009961651638581447	0.028189570563180107	0.04526431393390458	0.03372359084110091	0.053533055176939126	0.056157620930709494	0.06000137378406349	0.039496973116577724	0.11557884673324194
ICAM1	0.34601852	0.4613566	0.10419929	0.14571673	0.8569573	1.9093033	2.4535394	1.4088143	0.43576723	0.4601478	1.1418453	1.4481671	3.8570702	0.91614795	1.3011259	0.9182968	2.8331623	1.5124066	2.8474383	1.8343894	0.4296965	0.5292017	0.82073605	0.58244824	0.2581429538811972	0.30880819727926906	0.5216705466170982	0.29960984772273497	0.4210716745746853	0.5886913799565067	1.3901155068746638	1.4451262271828305	0.2846766001909935	0.4197330550771286	0.5347273977263681	0.3400747142502734	0.9585448889176852	1.0484276437994295	0.692323998621087	1.41052912900155	3.190252374676476	0.9672499079057619	1.21204156507891	0.5631793627294237	1.2638614816273388	1.443680693219297	1.4389089791413046	0.41800352812114056	1.7471420147269399	1.5442359666442629	3.53824657087535	0.17782328252668503	0.5987019373095311	0.1207699955228744	0.6964305114214228	0.14945494296546405	1.2683916925736833	1.0054445342101548	0.4901131675920434
ICAM4	0.033892512	0.015231465	0.019288972	0.026886785	0.038050648	0.094096996	0.15528919	0.070261404	0.01672337	0.010032874	0.105640195	0.124016	0.10305608	0.05277127	0.12233387	0.040818524	0.57782084	0.098676	0.26376742	0.10277017	0.025213629	0.009546627	0.047838047	0.26525095	0.044896086823820056	0.004693875426115525	0.05635549065108625	0.047333460750792915	0.00942395743067001	0.014672279748078719	0.08213646346056866	0.0824383709101322	0.0019270643906882828	0.014314744558400863	0.06029219056169192	0.006067041754218228	0.02326520018239304	0.07080642930392561	0.05911221741871102	0.16342249342300752	0.3251957110232616	0.08173292899704052	0.1150160561142139	0.02349302228972058	0.05102580251405488	0.15501022767238248	0.21537501740768494	0.013867651601714416	0.11337806210779854	0.11280878565845436	0.1879436806048155	0.02093451704297747	0.020784209237180846	0.00460995896888426	0.01612997890337005	0.003518963565810674	0.10737166161886927	0.026435090947279777	0.06211415861925215
IDO1	0.015869906	0.103068195	0.0040961727	0.017620971	0.09895213	0.16504863	0.0032185398	0.1621084	0.011274592	0.0053884564	4.4700837	0.28400618	0.001231917	1.0202926	0.28858173	0.095183685	0.099606365	0.06884937	0.023251263	0.07450997	0.024334764	0.0138482405	0.99873704	0.0026513934	0.005302728325858208	0.06247400298984438	0.01189893308996586	0.011183089044856154	0.10877516667052693	0.017498513262926285	0.010940568860475657	0.3264559964022451	0.007775008078323223	0.018894897957145888	0.016494859364770707	0.007399109533660794	0.025610111730316368	0.0	1.22649334325407	1.1575685140682892	0.1157656723225124	0.21232057793517414	0.10184382705274397	1.4253711531474664	0.9909693639636764	1.8391938833221508	0.5132154760365741	0.49988986936789315	0.027652230097554003	0.12147160571634916	0.044807013653257684	0.02093451704297747	0.036197702958768604	0.0012858081090749928	0.011461797934971723	0.02368981755809357	0.06550454493668482	3.9807095091903113	0.0
IER2	3.066723	3.5463936	2.5554945	2.8236294	3.9649065	2.2957568	12.641474	2.3275502	3.8723571	1.3172241	3.2586346	4.6938024	4.7396116	3.774987	4.682667	6.511297	8.90624	2.6445992	9.034685	3.1296055	4.4379797	1.7487738	3.901619	1.9657193	2.1215845693693014	3.394821398519027	2.847541045260813	5.927135767257151	4.279904552473498	1.6386292727794478	2.104284324181263	2.712526866201571	3.608920615771846	2.4320329662737126	5.409185010782728	1.1974778787874858	1.7096414013759718	2.590043508595434	2.630177910131576	3.7244716276990384	5.668685624932712	5.944701932213487	5.02458179143039	6.366274080343363	3.7152785830107713	4.18362943558907	3.750813235960357	10.463216264353472	4.336457199048542	3.8177114404554398	3.316922481433193	9.771986389160157	4.347172475069844	2.7308328890973663	1.704935149908232	1.3411096298170055	6.633269074867994	2.3275468714213017	1.9799141791339014
IER3	0.31603912	1.6787173	0.39285916	1.9361435	1.4188918	5.264873	12.815872	4.2763205	0.9587685	0.711867	5.314424	1.3155277	1.5125922	3.5906978	5.8298826	0.63852483	14.674092	4.2201314	14.992063	5.216024	0.7700316	0.8302881	2.0337157	0.01714641	0.4601334837834589	0.1449342302030843	0.3115525112053694	2.196376478869774	2.647216430898909	0.775546212668367	3.212519547440216	4.27394442951107	0.4415394244156526	0.8486307037414057	2.30636867324461	0.6804269589596923	1.3992570304053675	1.8384244355074877	3.2457444007596417	5.272972327257917	1.8836631938684094	1.487335733195768	1.172334393036658	2.7739291134673256	6.417379472731708	4.2173418540402245	6.6949310597881695	3.836436112478873	5.736431962225564	6.5926363672788595	9.084852917929847	0.8058330269602987	0.8710596203537205	0.3088336566585658	1.129949312608941	0.5206915847144884	3.085226996633121	1.3307798097693186	1.7545848883682003
IER5L	0.24253163	0.3456769	0.24872771	0.33077154	0.41912735	0.49880448	0.2669045	0.35812378	0.15974657	0.20182344	0.40485084	0.66442865	0.041677084	0.5696846	0.14938185	0.035752255	0.46957833	0.4694771	1.3518932	0.4819591	0.29551613	0.2844766	0.21554938	0.0005818782	0.042675683766043	0.21185565707882587	0.02833443530760001	0.3229356220470256	0.4892171100099926	0.09808712158684757	0.6289195492767036	0.26833093375201783	0.08605509039242516	0.076081148956934	0.6908717607790277	0.06862768038235909	0.21599932827990564	0.7957233861162158	0.12923085378397348	1.1776568901926334	1.7127621223881029	0.54046828494596	0.2172277917696225	0.27565361050603465	0.4973383364533242	0.3414478049993332	0.13888793669996183	0.3007433614683384	0.6684086618641641	0.20067528394337242	0.3748755901264588	0.15059202909469604	0.38283671444572553	0.06577798904323769	0.16779135232147846	0.12111201817944156	0.508271396848119	0.10549853139879146	0.0025722843477095675
IFI30	0.803614	0.03491528	0.5364815	0.03380486	0.13978143	2.7678337	2.2952359	2.4927053	0.12366233	0.24640504	5.3595395	0.17212582	0.020710222	3.669906	2.9042418	0.5123017	1.4391079	3.220897	2.9396052	3.0006042	0.14060597	0.31580967	0.71456707	0.11070752	0.295218363233827	1.5017468365022422	0.1374534370537048	0.011486189563406902	0.030455977903042705	0.02132974879060522	3.1141616547279583	2.5631209633963197	0.05603977497636989	0.15165913803782333	0.31907679847973225	0.07575394964933528	0.13078019666185633	1.243984956694354	1.7139586193596357	14.637958333051905	0.5582064698084948	0.036771452671585415	0.024392857744027004	0.87532392382408	6.1599429896522295	1.6410467276603546	3.581736719337877	0.6166810819041426	3.7026339287657604	1.5698155389532884	3.97935397311717	0.1019352818464304	0.1894140106960832	0.008289080377644245	0.3901288932906708	0.18104418006724987	1.1376483492927318	0.9114898469091355	0.08966118386073386
IFIT1	0.056961972	0.28330252	0.004609415	0.18005778	0.22842228	0.18237785	0.14123218	0.9360362	0.06879765	0.16273555	0.10310783	0.26138765	0.0021221195	0.05062841	0.18706492	0.0048625665	0.46470466	0.25844806	0.11338379	0.25580215	0.08747813	0.19421232	0.27967733	0.0	0.045012258930623696	0.10745692025469646	0.051752309912150685	0.20983748922540946	0.2841510236121206	0.41644926464339743	0.27560630548967674	0.16524502496672938	0.04931064954944693	0.07000414744529908	0.07172494391948803	0.26245983184172805	0.12172513722664197	0.10754786195426151	0.09801218485554611	0.09299265549121156	0.2511346113460145	0.24503911351489593	0.3297364163573888	0.06653966670775842	0.02321891933414038	0.12906553444409807	0.18667836898397838	0.16715666575696303	0.250091023235331	0.20060673005537355	0.2770164809925736	0.0	0.05963393985226784	0.23159725293321598	0.1742735103402411	0.1798013285720053	0.21619961266432933	0.16511317328352446	0.28550284425009953
IFIT3	0.07239433	0.68084574	0.06556858	0.36095485	0.49495286	0.3190752	0.5804459	0.79471344	0.08337935	0.16958885	0.16492556	0.4079744	0.16689324	0.4782668	0.5086582	0.14885989	0.24684134	0.30560455	0.21964309	0.37054127	0.12875	0.17178054	0.2967791	0.015206806	0.049689612627086835	0.17732051648418343	0.0395042103788446	0.3140035726493459	0.6640856118665951	0.7332371727604337	0.2799396303442188	0.5329324210524655	0.07075303123904013	0.08716467891494574	0.12229106458839077	0.21554203798537652	0.38971646074556554	0.12836471379096873	0.136879049428858	0.160157489727931	0.36773160214651907	0.43142105725266616	0.3889605001537135	0.14185430194888282	0.10095552627537259	0.13836535787614768	0.5846786990981895	0.3694165089572161	0.3523763404855822	0.3420768665963771	0.48990464089163743	0.013281623806272234	0.15421399034372776	0.11014588893538384	0.16491782016035328	0.05874238547047299	0.4965832296539796	0.17727270053149752	0.5002503561440217
IFT27	0.19312908	0.30333605	0.27454528	0.34879634	0.65988827	0.20422566	0.15157218	0.21559484	0.27413994	0.21395293	0.13818358	0.3270201	0.14280303	0.14488225	0.22368395	0.36550945	0.08077966	0.1586873	0.18328273	0.16286978	0.2476376	0.29460403	0.18969059	0.32885632	0.18147641375654897	0.11263393900931709	0.26211535811046116	0.24786355621234743	0.3193457155665821	0.2286899215672815	0.13764877779108206	0.18375471385798037	0.31034527110750026	0.2788695691398558	0.21592255840502766	0.3176350708807026	0.19491818626240334	0.22954812707572148	0.23457818884036813	0.09516532428645962	0.18972598928663867	0.36031979633379896	0.3379785841516233	0.2002039150965639	0.13619207683821213	0.2584598858007205	0.12562410347847108	0.15790661010962398	0.14309634872096028	0.1966668636260998	0.2056370304784226	0.3070020647792073	0.23911103056875294	0.25827607184796764	0.2899811111984288	0.37461759347912676	0.22108948883173285	0.21564322787400353	0.06357460417067984
IGF1	0.08932832	0.07520998	0.08110112	0.06590254	0.10033252	0.7006589	0.513926	0.6757151	0.051719587	0.7386233	0.048964676	0.14871368	0.09499808	0.09391133	0.027471418	0.18985224	2.3169818	1.0862677	1.2472359	1.225898	0.056682844	0.824098	0.18034008	0.0	0.12601283023837206	0.025474015221493763	0.05309259881957387	0.03108577792906058	0.07233183100132155	0.04310364346465388	1.7064919259132807	0.2679627309898618	0.024148441217497377	0.04576684561240928	0.06324860532527611	0.2452956097377013	0.021792549671036703	0.297836983732402	0.0424663928446474	0.02940677260346085	0.12717087823565695	0.3154901469392984	0.07083923815794624	0.079604373166499	0.03096440296636497	0.23470269819389003	0.020784620471868527	0.05935374162942322	2.1331065864434042	0.7492839706607443	0.416838332635438	0.0	0.09073868434891666	0.0010816330763463722	0.24739854952492119	1.8215637270101415	0.20321956927095586	0.24281304862457267	0.0
IGFBP1	0.39305067	0.26729348	0.36024442	0.06309443	0.1963923	0.48720604	0.2325811	0.26058108	0.44164285	2.1783383	0.19631231	0.341313	0.22124512	0.14458203	0.10229931	0.23249547	0.4693074	0.2520904	0.27647996	0.23442331	0.47196302	4.6969976	0.7473854	0.3105197	0.3996267764485791	0.23098947355559096	0.01556161775385081	0.03384626933631309	0.06087473638615845	0.33653036675952425	0.20570013212166838	0.4454156011994783	0.1359361389611995	0.9147707917979546	0.15072474227936528	2.1404055371591206	4.273702241127831	6.405670579431092	0.20607441435726057	0.05634477393933809	0.23495875631556296	0.0299946930588517	0.21304914418387724	0.19240691648901662	0.10573961026020204	0.0528009075146917	0.022219249773160255	0.24147237621999462	0.2819266344580305	0.22885228378872385	0.27998813760310476	0.1436533164668393	0.6624700555998092	0.007385132845083707	6.075982430112666	3.522293386507548	0.17552627727854475	1.3901468608922645	0.0
IGHA1	59.992325	0.22522919	36.847015	0.48664722	0.24923211	0.077042475	0.26911768	1.2704638	0.328456	0.24043778	0.27640542	0.20563674	0.46211338	0.41838717	0.16177642	301.9318	0.195308	0.32302144	0.2935471	0.25234437	0.820243	0.19568433	0.42735276	0.8903343	101.56174821876982	20.36715052520773	9.992056381253562	0.5404833095860414	0.025843409201079033	0.238895350061956	5.435690063956812	0.26505357327580376	0.41084826815698733	0.45785170763726657	0.06250735701976624	0.08470180368106318	0.9021330827349139	0.11454636710030693	0.5111579847334725	0.03425391652070745	0.051048367381189945	0.03212037279799178	0.533306742829848	0.48884163518916957	0.44330603621031633	0.0009076449728231826	0.1348837562795984	0.5965412836279138	0.2061159448894119	0.40774748826347834	0.1198428002757371	0.9789157723451591	1.2193180538821007	0.01116234104069444	0.39538550481529733	0.013403444817012024	0.5813269398646173	0.8170297851997452	0.00972100717050058
IGHA2	5.830731	0.013792489	1.7471728	0.012246183	0.013437808	0.0017355612	0.0	0.20187934	0.0188654	0.0060191	0.023486247	0.016262162	0.0	0.0057406304	0.008817046	70.18926	0.0	0.015436771	0.017545924	0.014592929	0.018688714	0.009463184	0.023446953	0.0	12.139181794062294	0.9302432058167629	3.501274604721081	0.020572261815984726	0.0	0.01630665532107695	0.9097121681737269	0.007558746872725671	0.03225721614972413	0.02183499304173624	0.0056052392562933725	0.011026521216201596	0.012562708029882014	0.014494434424809048	0.04892142985972455	0.006614125788951045	0.00207411236407464	0.0	0.019331146699409316	0.015481071214418154	0.015622328217749072	0.0	0.0020009333577682663	0.0558377553119602	0.019564905490345546	0.01691130213139688	0.0018353342116037615	0.0	0.029228121131076992	0.001448874785271322	0.019653018040801867	0.0	0.04917949030920037	0.04935863012676284	0.0
IGHG2	19.76324	0.071877286	28.73527	0.074764185	0.06796149	0.019804861	0.035113998	0.023353178	0.21190326	0.0950718	0.07632443	0.0519158	0.12840441	0.024869252	0.036303174	121.604706	0.04723136	0.028342444	0.07587581	0.05348004	0.8296312	0.40564552	0.47330245	0.5861714	51.64473882887455	2.2928422557283383	24.76419954349843	0.0496010118479394	0.0012874312458499785	0.054600304460379924	0.024397481419770453	0.14251402937923022	0.08550384507677435	0.5057906381033082	0.03180636795221177	0.05300989238025946	0.02704885197706583	0.04515364252287766	0.15765571383962174	0.030609907429564594	0.057898085646904726	0.017838775868365794	0.034844295726771425	0.06125204270814859	0.060651191807294794	0.0006585912907727852	0.03299947869877555	0.0513553205763518	0.05395883579561208	0.07383582999088507	0.040361977471187194	0.11397840759970926	1.1217888644261242	0.0022499822367201007	0.7090429867078705	0.0038447029450360466	0.4194744519898251	1.0346683522797973	0.016853743727489184
IGHGP	16.712767	0.027991675	9.897743	0.0	0.0	0.3275444	0.0	0.008673396	0.035051208	0.0008758724	0.10238105	0.0100294305	0.2716653	0.023982694	0.01970958	0.014406237	0.0	0.023374047	0.0024773115	0.018827263	0.14471376	0.03331086	0.85702306	0.03759931	46.37857418896524	0.31624192114828914	0.06843978101495994	0.016480228513919826	0.0	0.001793901470210551	0.030773757587779643	0.03754038734978258	0.05831011893257263	0.0033116735315833258	0.0	0.0	0.004348252567797831	0.0	0.3107859431322035	0.0	0.0	0.0	0.018847673360261212	0.11991346962768408	0.0	0.0	0.0019976848285369717	0.013773868968411741	0.02457372733814399	0.004604205393549874	0.0014737782792452164	0.0	0.07447356733772625	0.0	0.07312438246926815	0.0036737258345992474	0.036426208785105225	1.7932977707983753	0.0
IGHM	30.08024	0.2329601	8.2850895	0.031319294	0.0118479505	0.09707703	0.3371687	0.35238314	0.41543698	0.09118916	0.31844786	0.06179531	1.1795055	0.3834981	0.3784017	144.70815	0.17244646	0.17540596	0.34503278	0.4245347	2.972941	0.13747905	0.3072886	1.2389946	48.35324017385035	13.847342287389505	15.403357397865356	0.3248843093482407	0.0015966809324679833	0.04526341461073253	0.7150447559578991	0.3034229361429643	0.7987914714239706	0.13913047308310525	0.06638232114498663	0.027841562048945365	0.1047048848806181	0.03647106034415109	0.35601018541731627	0.03387762211301847	0.017945197007043102	0.04834519663164692	0.07981186856216836	1.8149486970067699	0.11266482075965706	0.0038258661213407116	0.10415882288781395	2.0236846748210144	0.3736846904374165	0.7452447929911111	0.41626662636407696	29.121205810447794	0.8687320880385562	0.03842706392294011	0.21135770660829492	0.07068990930919516	0.19548486876103133	0.8301534720538337	0.010965814237241392
IGHV3-23	2.3864753	0.017963069	4.580663	0.0021667702	0.00927869	0.076758526	0.0	0.025390321	0.036851436	0.03401673	0.0074704066	0.010692128	0.036202766	0.0041432083	0.0074695046	0.8336592	0.0	0.020226803	0.03014318	0.025807435	0.043233022	0.024550823	0.00806785	0.0	0.3500321845423121	0.4586132590959138	11.217349581222708	0.01016439595734211	0.0	0.005331241090788285	0.001299917697906494	0.0202959439806834	0.011672720576361885	0.008008817595298827	0.0	0.007417665161500333	0.0027948266876563358	0.0	0.009584881775166403	0.0	0.0010616685214795566	0.0	0.02272825796517572	0.002941550757433917	0.02132938971479844	0.0	0.01234552483971286	0.0	0.0005586979634292681	0.012946889503714315	0.11712689458482857	0.0	0.06148141775233353	0.0016075050939934716	0.04105588297164427	0.0	0.0009678523910673125	0.022748205073786495	0.0
IGKC	589.1029	7.804464	598.3799	16.8459	1.32322	3.8670075	40.38618	4.11028	11.681172	4.852763	3.1666563	2.824645	3.1792397	5.08094	1.6998181	1248.1226	1.1909481	4.6598825	4.015529	4.3766956	34.206608	7.894503	52.330708	17.835583	1637.5170223152047	160.28080281443536	61.252659947263254	2.9990795724069716	0.04305897866953137	1.07978284203891	2.643493886806384	17.64464861172987	4.0770751692663225	26.40556598161831	0.61795396238151	5.6990232334149376	2.486086148848863	0.9685741917840366	7.309437299264817	0.7229186903387866	1.5829328593680012	0.07481307947657392	2.9332877671079203	3.1614182347514213	5.098177731368566	0.20644120191443222	0.5443426759780905	3.702466440250622	1.2853069385164906	4.603757395010257	9.287710589616085	1.7689685524284064	47.81046699314064	0.018849990357283856	15.285637928349383	0.09783132262042853	4.323045296039389	66.80373562101093	0.0
IGLC3	150.08565	0.9253964	148.7668	0.45699015	0.20749246	0.36427405	0.15421514	0.31050968	1.3887248	0.46782845	1.7069284	0.8587487	1.2519886	0.53968287	0.1483379	283.1267	0.47045636	0.40183282	0.32766387	0.66398346	17.052654	0.74826497	4.0156736	0.57037294	362.4869812987305	56.530603074236325	7.6803184449044535	1.3167951142036345	0.0	0.12438289143895846	0.09197378521662121	2.483973143726899	0.21488899444972842	3.5069330757542807	0.12107420216318028	0.8949357193575139	0.5038337262201255	0.13755101993166166	0.6212148381655719	0.11585074047841994	1.965257288621057	0.005371688835082516	0.8352480885455551	0.09367650391577627	3.1044081556532954	0.013755460580190023	0.10362073570212645	0.2764869834180839	0.13364687268270745	1.5062011596018168	0.2689239858126657	0.15869083249723756	6.484669517476388	0.0036972909558047966	1.3475089050910654	0.0057253499563297595	0.3479032158041842	11.972514617757518	0.0
IGLV2-14	10.670484	0.3781631	26.814806	0.0	0.018773269	0.213292	0.029896706	0.19472998	0.124518976	0.19382195	0.023875972	0.019545302	0.0016997957	0.014808832	0.013014985	1.8932562	0.0	0.1287203	0.27366623	0.17387524	0.4896132	0.22782142	0.059368443	0.0	2.0594516388283775	0.6818030299634356	52.026820188243924	0.018047086645336566	0.0	0.008359554072097434	0.028572736605249265	0.018802652299860657	0.018821380881614634	0.017059567388234807	0.0	0.009989732315484928	0.012431154922734932	0.0	0.05879982510732412	0.0007079594778119501	0.0	0.060138212449556375	0.01004808669556127	0.041135681540314446	0.023897390286347873	0.010395184061275617	0.01888344269848412	0.010344650171980073	0.008655517392354263	0.008729111047668823	0.9208929837392364	1.3239119393484933	0.2799139591704262	0.057571607210070375	0.3763200795007462	0.008831354071334853	0.005694561230601086	0.14338927008693478	0.0
IKBIP	0.25702786	0.60564697	0.657549	1.6935606	0.83465296	0.58716	0.5029086	0.7037805	0.42523247	0.36063033	0.5133401	0.58214515	0.09235675	0.46042418	0.36799866	0.30301982	0.51298845	0.38797644	0.40737882	0.410392	0.2341654	0.15794934	0.4300654	0.3858325	0.16793314105888404	0.2548110309940781	0.4558086073046667	0.44101022556768027	0.8194102257861398	0.6437904362482437	0.7908101286768779	0.351928674594701	0.5101431042439404	0.34074947780410275	0.36644509477979986	0.29236758645158606	0.4027729552738692	0.5776553543917651	0.44581161661616353	0.3723567390458705	0.5442202217629452	0.7750822846743606	0.4377727030003175	0.6654707918647996	0.4227718470976752	0.5373308170238397	0.2755067450162563	0.45707032538381115	0.5280718771008138	0.2862185108285181	0.41677909882859465	0.44466266848824243	0.22261829949264858	0.25928834057179434	0.1814424979997207	0.18133266790413563	0.3729914154470534	0.4999461927767758	0.38252832149558574
IL10RA	0.462527	0.03415534	0.48840734	0.07087704	0.038634147	0.7742997	0.65131456	0.94253004	0.47165972	0.038162984	1.1266229	0.04538434	0.4999294	0.84200263	1.1928431	0.5733821	1.1461724	1.2017615	0.9963266	1.2804232	0.84154767	0.04110084	0.4251973	1.0515945	0.3672674177651136	0.43934239244529905	0.6038347297144822	0.024820408717831213	0.055302142691736486	0.040525765630922875	0.9586877274730436	0.4953234603266958	0.49489051604976914	0.4090133257651328	1.1515721871580906	0.0485815781100401	0.022936247990811877	0.11389272019193677	0.6466206775969836	1.1985262228149092	0.10536912800088602	0.028569332029643846	0.04255029362673125	0.8690658909969667	1.0879184650036753	1.382810303635914	1.1718296239676498	1.234359162903969	1.515060536454534	0.7824654761239516	1.2019380005253895	0.8251019465458859	0.8527063737056989	0.6650611383656796	0.04595756719060996	0.04757921026695169	0.49857901083320066	0.6081870147800001	0.6146057075346787
IL15	0.047585867	0.066734776	0.016930243	0.024277573	0.054776333	0.1301665	0.22542158	0.12857406	0.036024295	0.028177029	0.5844988	0.09624401	0.0026637367	0.16511339	0.20618226	0.02170202	0.079343945	0.10847839	0.09346809	0.13002047	0.057025153	0.028765226	0.10822084	0.0009488091	0.020642026045102263	0.11802526398086689	0.06571686988673077	0.07527459989451138	0.066238243490248	0.11190013425375112	0.1289826449780909	0.13700202292254543	0.031122098302821866	0.045573010545630704	0.052504485531302915	0.04473674611004628	0.03485625348929003	0.00967207570821781	0.1858779496982724	0.1564097492421321	0.1409741877541935	0.0720988034101609	0.07788589840186899	0.17393267250210825	0.2414731586392388	0.231428946340931	0.22385853884304194	0.1672779300115022	0.1231033125518931	0.12543618374088045	0.10506752066612843	0.017822410379137312	0.07301348898701013	0.02810161134602921	0.03790399302475734	0.00900229549324214	0.10013019888566504	0.21130773762658572	0.0
IL1B	0.13715516	0.29857233	0.30700538	0.07265406	0.23014945	4.6836557	36.50897	3.9109416	0.3487016	0.08637268	3.7287436	0.20221137	0.344354	4.2013087	12.565566	0.28122804	10.296192	3.2071366	12.947886	4.7420416	0.18949255	0.10132799	1.0386469	0.0019697705	0.1777174574780568	0.050251453261288305	0.09523088901399579	0.04498464161238544	0.4071903846081087	0.23281141580023876	1.0873561697374476	4.122840144117121	0.0323182344651177	0.8367731464201508	0.1402142423425251	0.19419661707492838	0.12535913733640514	0.1491979337678167	2.10784369703216	7.8146353281690395	0.2633227135011935	0.39443256061305204	0.12093097749531806	1.9066588250431011	11.406368017574161	4.028324257097461	17.917286801790368	2.9233562460582574	2.362422821829484	6.727817709973048	12.991574011220447	0.01163710866655622	0.2689422297831986	0.04433250393723092	0.15144451798001704	0.02458097814882874	0.9936783196937273	1.7295305654436743	0.05711212257684167
IL1RL1	0.0076235915	0.096425734	0.0	0.2082683	0.010607669	0.0	0.0	0.008560332	0.07533202	0.0033623907	0.012586727	0.01650084	8.124464	0.0034407817	0.0065399953	0.0	0.003330846	0.0010490516	0.0019415077	0.003269264	0.07247326	0.014450522	0.033241875	0.0	0.02260769486270942	0.0011496203428827852	0.0	0.0854503733888299	0.0261347371158399	0.31913002648243827	0.0	0.0032049496095259114	0.03398697062861312	0.04489080308302179	0.19608677490686358	0.0031819015213973684	0.0016803298941036647	0.0	0.0	0.0028597864332290026	0.02730291879969112	0.012054141081969073	0.023619962601793977	0.009483371686421415	0.006024433815177138	0.0020807458081125788	0.008917556394955136	0.006443481335694762	0.006198135514263914	0.0016107110498478254	0.00020432469764092133	0.2508850370134626	0.06833506901731595	0.012113773028490355	0.004307865403751754	0.035133758220288434	0.04451159513325198	0.01456276784695616	0.0
IL4I1	0.074433014	0.01978871	0.03479691	0.019545127	0.03473156	0.7132435	0.40056401	0.7658125	0.20559373	0.027071405	0.83755493	0.10180755	0.07065283	0.43782598	0.33357275	0.30309263	0.2467487	1.1905806	0.45723122	0.902606	0.15524453	0.02663834	0.28361928	0.028829582	0.053495386327400356	0.0641418247217712	0.030278622689776807	0.011637274989803442	0.009195566942732259	0.023925338720937443	0.34427154710488433	1.3978372175290938	0.10804288240803042	0.06352561287278381	0.49531426711773624	0.03373513889282939	0.020221842680425543	0.08365566996224408	0.39095575046417613	0.44047153082785756	0.10875785954293098	0.030490465098456668	0.07246565072516029	0.3270595223280906	0.2516764062534392	1.1764088956345666	0.41917912677708424	0.19953658826255966	0.4325761942907795	0.7201236864178547	2.3959631107223482	0.1256877899169922	0.21042230631250852	0.05118634527907424	0.03336711419633215	0.025218982282282996	0.05950459918126302	0.9466538973404388	0.017573920355902776
IL7R	0.3090102	0.11923623	0.42005232	0.06445985	0.16988537	0.31828743	0.1299573	0.30219308	3.5243733	0.56483436	0.9689353	0.23094957	2.0772655	0.28429624	0.4354412	0.119851604	0.19470227	0.27852672	0.14797306	0.22194752	7.899208	0.107293844	0.9478161	0.25479758	0.1337850803254024	0.49804286870874953	0.4012469049596063	0.12078083037384195	0.10395013878705922	0.10754711066203755	0.6969445318285319	0.2212620129843218	3.957447767118357	1.5543665152503172	7.337103213748884	0.060479622550900114	0.02541835872948256	0.417284577703241	0.6188846377826311	0.725141469503355	0.42109236554986623	0.24201278621965933	0.15393934548127483	0.20562902926030532	0.5534722116474349	0.5471559266005273	0.22892070777685908	1.3002265734711387	0.20043619177803196	0.1904322427553173	0.3961680183684633	4.536925303471553	7.786092244583766	9.316577813129184	0.15978371647993694	0.09106842339490258	1.4264384390171727	0.7514990963012721	0.9121790733678434
IMP3	0.44967932	0.58248574	0.4991073	0.46561834	0.5563769	0.53610545	0.2044746	0.59233105	0.71986145	0.57426494	0.56707823	0.623359	0.8983159	0.76114374	0.37347877	0.33917305	0.45733047	0.6004309	1.1864585	0.5650519	0.7421298	0.6989129	0.45672575	0.43672344	0.2686178778430187	0.5739632125448418	0.6889161607927409	0.44879367398918	0.6856203173929609	0.4261937323512022	0.5334803436061167	0.6544939468681642	0.9398031714669157	0.6084543198102241	0.5210893331582537	0.44493644990789255	0.7701379505411701	0.6283334274010118	0.5658882535243499	0.3311472074850012	0.4183742233258288	0.8232406053644723	0.6629695544516685	0.682892212440533	0.36192876021303805	0.6464680152804103	0.481502894399373	0.5383092951549489	0.5527672454264012	0.5052411221877255	0.6969087377822576	0.9941581589835031	0.5588546702476734	1.3485318751404556	0.6107659086389313	0.896104485182157	0.5766677122850594	0.5066827353453663	0.33615994888247197
INAFM1	0.07398353	1.0337931	0.02577252	0.5507286	0.27378157	0.17975809	0.083752386	0.114112005	0.16865537	0.082094096	0.081680976	0.11142744	0.4768447	0.42507777	0.069350734	0.045501485	0.32375374	0.09183504	0.052075468	0.075876184	0.08156618	0.09851149	0.18444443	0.4367045	0.09694522801808685	0.0954955372131507	0.05143925725903015	1.0404808043544127	1.1569531925599346	0.7797674118399877	0.09983643096190295	0.2152569150994015	0.21858128325582998	0.13628341959054704	0.1638697722026539	0.10040412993412048	0.16173360735872883	0.2382199091277099	0.134450698700896	0.1296384313340573	0.14913851276733717	0.12895478617749234	0.1037507556490379	0.18930191114173475	0.13379348807017785	0.09206916639079302	0.09513335134573916	0.10731599383950956	0.07930040583140936	0.08193658237258898	0.11063836274273975	0.21055479885695816	0.06715099154761363	0.06060928205270037	0.1222454365762214	0.09035958309845522	0.2266492734485736	0.1425702807291375	0.03375698323450783
INCENP	0.031441383	0.014834275	0.13928105	0.056946483	0.11119039	0.17914547	0.048855077	0.1476831	0.37078825	0.072062865	0.03619356	0.022513151	0.09931321	0.09176181	0.02482583	0.029347938	0.0054272907	0.05640631	0.013111547	0.02470934	0.02522934	0.021060068	1.2609379	0.0037817673	0.018054155973816065	0.018669162801007753	0.06710283353061113	0.0031254635382640694	0.04041559171083022	0.003448830416709842	0.17776038270525307	0.05229835639845366	0.5501157266357806	0.16332424281374058	0.38727025998334663	0.03720656532614751	0.14651610854323863	0.30014693607837695	0.028713862694020986	0.04336901530346752	0.021979393364925232	0.05851110410293834	0.005175382454273453	0.3414376008751611	0.02998077847570074	0.05074552997912732	0.03015149252270279	0.049763662927768584	0.03869888291206712	0.009167770672544555	0.03183550929592168	0.03707785946982248	0.019746355048130024	0.04822845826387912	0.014123261873864824	0.04095202236678148	0.023564478874449953	0.04398421772929571	7.505915370235994
INSR	0.20092565	0.7478898	0.12122111	0.49753618	3.2923975	0.1222409	0.4182412	0.2146059	0.08200508	0.42502633	0.3048342	6.662822	0.08787678	0.5635396	0.2807028	0.08492418	0.1476982	0.23411663	0.5336425	0.2674727	0.0798267	0.7543863	0.5253041	0.28420195	0.4959384851611622	0.08534250780773237	0.011343786559129125	1.2886761160671887	0.2611321142087179	1.029992840013104	0.3363060640190148	0.18755635919883248	0.029116273068339048	0.17286860938422574	0.06943941661372117	0.4937666550633734	0.42078837679597303	1.4076099095086159	0.24388733669028823	0.5894302498598077	6.080945843076037	5.548085957125538	6.802115861040996	0.14495740656636996	0.5504822965065034	0.13436235420995438	0.23598917576910736	0.263389988252104	0.3034401303242952	0.26554238613544995	0.11205097431734722	0.13750073290490486	0.08845518114956577	0.003963495534056768	0.8962044544046598	0.20919355376880205	0.8138932434859876	0.4525082584066368	0.002302996061181509
IRF2	0.5304036	0.40142152	0.33829594	0.28525627	0.49537566	0.43318033	0.4205781	0.8358248	0.66718876	0.23408468	0.7541535	0.500902	0.38409224	0.49092448	0.7268292	0.4912535	0.47276533	0.6612385	0.7072508	0.62186414	0.6939557	0.31710172	0.5950583	0.14974698	0.3159305919379383	0.6829322508694015	0.6702253655470635	0.31922487476919925	0.6096396600266113	0.31925492728934907	0.8204498516673913	0.33265640054616236	0.8615138785084403	0.43877533259208806	0.7164823794068153	0.1596444018585426	0.15589793386558964	0.1316456840543324	0.6152219309682613	0.5290940743012865	0.5110082633129166	0.5881148868162694	0.3832747671321415	0.848296247995493	0.5159445285460901	0.5706407898855395	0.6330630569167175	1.259911593745551	0.8137069679688641	0.5218095435854828	0.4939575258721866	0.8793057800887467	0.6120068574587937	0.8761292335386661	0.19427695321372704	0.588370458361833	0.6714386771420728	0.5611343294364037	0.5016769206445807
ISYNA1	0.035406634	2.857467	0.028644506	1.6306868	0.42085004	0.025184462	0.065370165	0.12487306	0.11546226	0.18174584	0.052881073	0.47180757	0.2777108	0.039404802	0.037663754	0.0075618643	0.03167519	0.07124818	0.062235724	0.07596473	0.08889106	0.21959198	0.23737022	0.02858094	0.02345323124456437	0.04297443593781306	0.0657718309357533	2.7519290178895193	4.939863424978215	1.0814907290430456	0.1620430986975985	0.08371987266505951	0.15965680961969334	0.11772746666229311	0.07048706493322833	0.03146276305044507	0.44193692404345086	0.12211106128880543	0.03102317714605423	0.021793239753131417	0.1852237756026414	1.1302870348595508	0.32156095409772945	0.03188419196093771	0.04368655020581903	0.08489696345247744	0.022842801820196518	0.013905255465621465	0.07584520837733472	0.07810874411880521	0.0624423436431167	0.05445141792297364	0.06352032636277016	0.1926623785033048	0.1260964506330655	0.2065251555919202	0.30679293688325804	0.2197379606323934	0.04608368166306402
ITGA2B	0.0042105815	0.0045570736	0.0006621015	0.00044781007	0.0	0.0008805046	0.0	0.00030118346	0.005181974	0.007059521	0.00012449971	0.0072193127	0.76041234	0.0013551114	0.016005456	0.0	0.0	0.0007180866	0.0015229366	0.00063827063	0.0028472252	0.0025829093	0.012434946	0.0	0.013228634310615845	0.0	0.0	0.0027130849683314516	0.010712370652106824	0.0018928802449776482	0.0	0.0018104011930678372	0.011080228739670973	0.0006362728943948271	0.0	0.0003551036207581125	0.005172474706757864	0.0	0.0	0.000522898781028661	0.002482776744436152	0.011641681875079295	0.012428959186614394	0.0023336339641261746	0.0010670572519302368	0.002486481006569705	0.02333819433334163	0.009460558871176675	0.0008314774611776563	0.0005316264059658665	0.0019593013012082264	0.0	0.004135552770233649	0.0017518763338359425	0.004363134692011008	0.0014934768831288375	0.0013098300542183112	0.001127016035632028	0.07652937353072313
ITGAX	0.039796613	0.011645717	0.048064403	0.019802682	0.015437642	0.8148645	0.53762686	0.6628444	0.0888109	0.025396258	1.1811463	0.04651613	0.21229655	1.1700503	1.2119325	0.06356462	0.8037635	1.650972	1.2685828	1.350243	0.16147128	0.22105858	0.30572575	0.00086709997	0.027984077536394536	0.09148616813620351	0.04335501494819871	0.007840604254384436	0.006559445731170697	0.03985228939295965	1.0789193819572869	0.535412930165685	0.05368147368754057	0.04449754260822708	0.2636532166261426	0.021671384393751016	0.028406765372584634	0.07976038702603044	1.1863194422461065	2.463260977488243	0.13728813253084055	0.0064472019918509075	0.021489728003350934	1.03587279837752	1.1578620617218167	1.5248036867064747	1.2412917645247166	0.8356201960879438	1.675751150968286	0.9047226610602247	1.1316529537272861	0.2168269374153831	0.16993900469775944	0.019969516282098042	0.047796480595025045	0.027864292924655164	0.580354448371871	0.28971523456365433	0.03360758463541667
ITPA	0.31033757	0.52668804	1.1914757	0.592439	0.46446157	0.6152476	0.36123082	0.6347187	0.61703765	0.39073056	0.4778221	0.38353336	0.5885433	0.4319669	0.47285563	0.3613189	0.38385054	0.5079521	0.4287979	0.5328496	0.5595457	0.49386024	0.4401133	0.28728956	0.2799220447455569	0.39989384373667497	0.47603578564967425	0.5175872188602882	0.6051669574332889	0.7260953022714168	0.44501081918481084	0.6262174484072004	0.7431166232801666	0.5907008372801571	0.34883353292126684	0.5068663378755698	0.969449452745214	0.4552678343110484	0.46383799893462113	0.3633510144939256	0.3080000226059751	0.394378959503336	0.4112060384354252	0.5171193188442675	0.3712186011039958	0.5014263795900313	0.5838824843099629	0.5181686988921531	0.5263456882895179	0.5642907964124989	0.5551568660322319	1.1821914078353286	0.5037315627910456	0.5344572963106788	0.4926287788785492	0.4179785868532616	0.5022907806520616	0.5451284370187574	0.2475191502171728
ITSN1	0.027868802	0.2128465	0.019061672	0.20596628	0.21873951	0.5469416	0.19199617	0.6381184	0.027771408	0.18283327	0.07710042	0.23775995	0.10615624	0.15171312	0.15988943	0.024866616	1.2155697	0.7251142	0.5898317	0.7826091	0.05441324	0.19155446	0.18767515	0.0042983405	0.036503854704662775	0.05188437111911396	0.013250175062976715	0.21376449973772274	0.2528583171287841	0.17925641307841264	1.2322788350405478	0.1969409776367904	0.027921500243608562	0.04831348405414864	0.013039597074736606	0.1588853934527412	0.1304091722903356	0.2647382118431805	0.07006952550735898	0.1907198982886141	0.27451547393570847	0.26691782913800316	0.2521387614460768	0.22215631219602378	0.15377848141883332	0.2559033133146644	0.10984151969590242	0.339039890734813	1.2980530146301517	0.41189882695516716	0.33496597085005586	0.19776629689451936	0.05459372141386413	0.007631686989354114	0.1894322479633216	0.17689519754563598	0.14252903716838314	0.2955006548260253	0.13924765173252338
JAG2	0.006585406	0.035647936	0.0042386916	0.09086138	0.2631809	0.001086396	0.0018510132	0.0034448523	0.04295676	0.013502419	0.03056179	1.6639268	0.0	0.004480132	0.0018925847	0.00021315512	0.064943604	0.0068715513	0.0091207735	0.008872821	0.029033726	0.01605807	0.07041795	0.0	0.028453489926481744	0.0018039634071523362	0.0	0.09935202814212499	0.027699554701398548	0.029156748926671232	0.005939355296865294	0.00764576517892387	0.02842387627980261	0.025565220666161986	0.00796584104447992	0.01414060754683699	0.02244895053142064	0.02194089208330427	0.012492796585370143	0.005116143026051047	1.3302143801820714	1.5503586166363712	0.773252279414854	0.000659254890990395	0.013151641324427237	0.007784427369682535	0.007955704096178415	0.0	0.008087103758410657	0.008995731611238013	0.011380485983261482	0.0	0.029280496574331374	0.006305660358712895	0.01836841808079537	0.01773132071240217	0.11095902026523252	0.03042577473320262	0.0
JCHAIN	43.45054	0.21658503	32.60253	0.45432058	0.045900974	0.06877498	0.6525246	0.13292205	0.45071536	0.12795123	0.097818464	0.062276155	0.28623864	0.33006427	0.079514444	95.88298	0.05260532	0.07518872	0.13672073	0.15379429	1.5698166	0.34894127	0.9602376	29.462784	69.83805649321384	9.68245083924052	54.925413796217555	0.1621224743548876	0.010175540673820713	0.04873401872285664	0.2105287005017687	0.33913663745402806	0.17815059676642997	1.0774397335120443	0.02418352861320023	0.1835005761275854	0.07094908564762774	0.03647106034415109	0.22026007557569235	0.05661398688129792	0.015169002255465558	0.012806589538986618	0.11964339615634623	0.1099593323018404	0.16104237935164759	0.1473377002875243	0.07675878184724366	0.22545884963162593	0.04041328230326981	0.24982671260908135	0.14897657943607942	4.529716881529077	1.731007926183572	0.015073165189492133	0.7466541342374313	0.0044539490667711784	0.26654159406893635	3.250113622577688	0.0
JUN	9.168784	16.5743	5.9810686	14.132508	11.105388	6.895415	20.918009	7.310313	13.171926	5.9901004	11.070679	12.801987	17.018309	14.142504	7.247577	24.546991	24.148155	8.439798	24.432209	9.556501	14.165309	6.610631	9.062874	6.007284	9.253248487650454	9.609718633838089	3.9632084099133134	21.57404146074841	15.456311969127084	17.365440592741116	9.726081994677283	6.004072839553879	9.837699369553789	6.437225068202708	26.534001564175014	4.918029100861097	5.287239042567194	6.834973700762969	5.5662241846608485	18.390529619294515	26.02757628864194	8.138755936613535	12.199513529298924	16.060906762339105	14.064669365623711	6.073023922401536	3.206775340858504	20.56080248355636	15.429327566678564	7.07151640300075	7.486739432600123	25.080619613845627	15.827523157855449	4.25370464882335	5.687808376439611	7.281220265436361	12.69952400067367	6.54923058224094	4.283753094379074
KDM5A	0.53068805	0.4722894	0.27962697	0.4078627	0.8527211	0.40588713	0.23696113	0.5289879	0.74807477	0.32104334	0.8557531	0.8098898	0.39125818	1.243896	0.5402342	0.35872602	0.5364604	0.44036055	0.40562207	0.54302037	0.77021635	0.41143885	0.51205456	0.56352633	0.29435044092710344	0.6925024542954653	0.6041508419460763	0.41323122529574186	0.6101594644517949	0.3546336728494984	0.6116878304954099	0.32011484909631216	0.7472811441078686	0.40062784318815714	1.203948143695625	0.18567294794156836	0.35144504936372284	0.5784406248571837	0.4964190085699247	0.9694736439302045	1.3283663807074582	0.9427283577600002	0.4313386920319948	0.5676811970831812	0.5788338464967819	0.8158764797755464	0.6046081954310925	0.7497235594942859	0.6947438558680424	0.3339923347262918	0.6139333027923087	1.0668087860206505	0.6957909140651031	0.802417076412719	0.2471553279299973	0.6547321969030689	0.7906983204749505	0.4541907404801971	0.5698232122595789
KIF15	0.009733599	0.003464049	0.19479662	0.30166766	0.2740955	0.26151672	0.1199369	0.24876046	0.7272728	0.066861294	0.01840516	0.005092144	0.12689704	0.08341678	0.020988625	0.015359032	0.017399803	0.009644484	0.013355252	0.0069007142	0.01159135	0.004836859	0.23226996	0.0	0.0003435501492488814	0.017662448405522935	0.031497885831338446	0.00033889642769851635	0.004268917755479984	0.010411932126735643	0.3747534233941597	0.10840987347027328	1.0121482406638136	0.37525366358318824	0.6744210522693963	0.07958336777764848	0.0823964212379196	0.17325185707637242	0.015476315788449756	0.02113247957914488	0.0066397876486885875	0.0017281831020400638	0.010642153680312287	0.27797066813618804	0.01653606397732873	0.002390208903072259	0.0033577373609785096	0.029946263248799218	0.009130658330661588	0.0033627514414450313	0.008959414469070111	0.061039509092058464	0.009039077095708992	0.004492862201189441	0.003215253071387198	0.008805883951807482	0.01635214736639234	0.03231754597703217	1.4244938771124454
KIT	0.0036172483	0.0048684534	0.0013610628	0.008345685	0.1752253	0.003838857	0.0	0.003048129	0.041207753	0.001666292	0.04584822	0.08003054	9.247099	0.054879803	0.024789799	0.0035825088	0.0	0.0	0.0041179163	0.0020835819	0.0320831	0.02350996	0.02769174	0.0	0.0036026087338742394	0.009878221132321787	0.0	0.012542200789753755	0.0053185129533390154	0.00344128348801398	0.003707005147116389	0.001363159268052428	0.04291232517491679	0.010078511542411647	0.12568166103389006	0.0029596874219478373	0.0016399984945924006	0.0	0.01614618046622395	0.02494391749511509	0.0711602899708374	0.1341974126150785	0.07115100448889626	0.1657429911503885	0.015897192833256486	0.019875255880371156	0.02964150213324304	0.041759069648325535	0.0036097334036848954	0.0007451546417692345	0.0013118042356610052	0.017919862270355226	0.03816457692405774	0.036733933948793034	0.002921702031683368	0.063114475547952	0.011693737330853165	0.021526312101842658	0.029268906992936373
KLF4	0.401195	1.0129362	0.124810465	1.0395404	1.7510005	1.4586852	6.24469	1.434459	0.1748792	0.2181348	2.0626857	2.6054847	0.48749995	2.5480385	2.670364	0.39087826	3.1268206	1.7486408	4.254519	1.9692227	0.14551231	0.26892188	0.55730987	2.5551925	0.1360958648027414	0.3333115804629301	0.4181936287664161	1.3368057038759742	0.8661117838943674	1.8950697532683158	1.8734647386312646	1.3373865012286834	0.07914819240425368	0.3800269909998311	0.13193658119545573	0.38301942355776364	0.3347165012409379	0.2443299305262824	1.3663167399762473	3.1465477879014307	4.8174585128044125	1.902816251326871	3.0255200220634344	1.8194827707856418	4.618911602227972	2.66091304823557	2.192311143162984	2.519910532952742	2.4445289197708333	2.143043466236368	2.432709943501108	0.36084280633307125	0.14818687415602902	0.038259768336530074	0.3788402991086855	0.16404597957452388	0.41122455518142725	1.0670436467224307	0.014949359187373407
KLF6	6.969332	3.423094	3.8607926	3.1064281	6.5397167	5.1488276	27.723175	5.681442	6.1143546	3.423312	5.7986007	6.669528	9.714341	5.7616906	5.2621264	7.428071	11.908409	6.5778055	11.646835	6.6245537	7.4458375	3.2301488	4.3737116	2.6053097	3.862214994005958	8.71069129948742	3.5655342579758202	2.7224745546335822	3.6420200117241124	4.557423948482616	7.156630621493892	5.447916378961848	4.030793664437538	4.982227580370971	13.6699631696018	3.6688989009287845	2.910845632011346	4.070565299799877	2.500016533113574	9.449175401753154	12.209972130757183	4.548397977765829	5.788981550040296	5.635697424915153	9.784712278546259	4.881106772597244	4.50662018296673	6.559727119651114	8.55006292386004	6.639857569347365	6.9652703965983145	4.618555475210214	8.543794541510163	4.772308166977361	3.4588502955995724	2.2298117688011256	6.5600696876787925	3.940364553532038	2.073481300475644
KLRB1	0.21161318	0.08124999	0.24565597	0.21405809	0.32526055	0.058712702	0.4519189	0.22214162	2.90375	0.14611472	0.2058624	0.19733922	1.8911033	0.16542391	0.225912	0.080122136	0.1936624	0.07000715	0.24463332	0.16930398	7.3792343	0.18009499	4.7168818	0.8839593	0.39212130426106545	0.22016691825586365	0.14678019855528254	0.1886149756296004	0.006751328658161707	0.1760834775622664	0.4410924117769108	0.0463407350553018	2.56932778717732	2.8888763385385237	2.846545703592956	0.20184277576969512	0.026049535329266186	0.30005296169243423	0.45661621969037686	0.14765589446774693	0.1776796444090242	0.11373668757482185	0.4352376486647801	0.14753424795395395	0.379489882235316	0.12643575738819748	0.2662725601288943	0.7064577813582131	0.15411706934801317	0.2650541322576977	0.037904594580528236	3.4542351759873426	9.66267185041973	1.8333742854183217	0.2804455531749815	0.07701274270732061	12.242752425190762	0.1482318534819692	0.0
KPNA5	0.09318629	0.11939299	0.060662262	0.11453175	0.16209342	0.030873109	0.06005671	0.09915368	0.08258878	0.026389936	0.07807413	0.13994145	0.003952991	0.11806862	0.048395477	0.08279921	0.01932913	0.07547671	0.05790528	0.08093606	0.15853277	0.05259046	0.11330409	1.2246962	0.06504434696772965	0.2670900861808155	0.06582932152826987	0.1106031828386847	0.12569017606272698	0.06245447177899091	0.09854611340591866	0.035785361233471306	0.08869887508355903	0.10482914852933926	0.19981763558545285	0.030310195997709916	0.053178900841747374	0.06957706988151438	0.06615485880421039	0.13337294055577548	0.2121933837319647	0.25221112846332855	0.09332834347340765	0.05375038238336886	0.09798304740348576	0.11885822818526987	0.05931550271570102	0.06518000018068425	0.11687585899406268	0.059621554622199216	0.054937993928237894	0.025114146300724578	0.1953588917123951	0.14937128871547733	0.05284874315416111	0.055296982364112644	0.1479592493750896	0.06575262523457188	0.1978504718985923
LACC1	0.04143134	0.033537623	0.003345499	0.060686797	0.13549706	0.3060985	0.28317875	0.33990446	0.047817398	0.1062063	0.1804666	0.07820142	0.07819504	0.14106488	0.17273656	0.022407018	1.0853871	0.40049046	0.44730073	0.35400185	0.038409114	0.034414608	0.07087707	0.010091294	0.028593055612408335	0.02834419658383781	0.0015379452665041746	0.03356284198458197	0.033235451286966956	0.021141579582120023	0.6340487749844402	0.17990685009626547	0.03254420769998784	0.0324450161710176	0.07732830757145467	0.08283133048191697	0.024932634193911035	0.028746045868972253	0.13028395832509063	0.26417841951866816	0.08491190429592725	0.08455941764377975	0.06919010289279505	0.09720690461528639	0.1687953192884904	0.2055813376954582	0.21862485544963017	0.14012226648423134	0.4927845493147796	0.24706219826595846	0.16523717561457094	0.04398221969604492	0.048025918707642515	0.01435165256927456	0.04901687075313644	0.01981189703758882	0.10352941568456324	0.10388843775435244	0.054401604030019625
LAD1	0.011266973	0.008853685	0.013325214	0.001158755	0.0017843327	0.023481004	0.0038750856	0.008621193	0.0091918465	0.15258817	0.70781916	0.0022443484	0.0	0.033217896	0.0027817558	0.001980245	0.015469387	0.003554048	0.012316237	0.007496968	0.0081204595	0.15063867	0.043675218	0.0	0.024454728058212766	0.014948292189966534	0.004443401814313911	0.0015057902376074913	0.005942257764246174	0.010831593107352232	0.017583728429413435	0.014340324518527115	0.002790333194443908	0.027169249647021474	0.0	0.06974390145347573	0.42135912004971093	0.11031175851821899	0.15264125190407224	0.05320947289340376	0.00013893705449606245	0.0	0.006401463809663169	0.011076415168007666	0.024562889805210607	0.10680125966991177	0.0014607236320917298	0.00723324232794292	0.005243999755644216	0.00901049857870706	0.010297618002539862	0.0	0.012239666041564427	0.0014441253581982325	0.24253705367871628	0.011343018743355922	0.006341000126911128	0.14114642844480862	0.0
LAIR2	0.0052161207	0.0037269173	0.0069262264	0.012261408	0.0060386183	0.019916553	0.0	0.020796616	0.45177373	0.0054440624	0.17628698	0.028567612	0.009215313	0.3072523	0.007860661	0.011025359	0.0020994288	0.003342329	0.053254377	0.008427205	0.8126975	0.013928818	0.027821893	0.0	0.005809152212246376	0.019133194268631953	0.0	0.007157740057929186	0.0008370548962278568	0.009561495773656744	0.01931303686565823	0.017517276071548925	0.2632903089244508	0.3807073524931988	0.3747587818497216	0.004571691652036326	0.005080518618732145	0.05662729088308775	0.02083502038767416	0.015587451060718613	0.06063126300702397	0.0	0.0024546602984866993	0.02101558253758029	0.035751168076342606	0.013853793005341465	0.007963941130801837	0.020779956217575824	0.008405385988547351	0.009140750309128885	0.013244492585078984	2.753301236536596	0.8144017528544883	0.10819509534399656	0.02533398847993969	0.0078048393370539005	0.05900636166642627	0.029427524799459655	0.0
LAMP3	0.068543695	0.0028499712	0.001478669	0.019934246	0.017561374	0.04600762	0.002724825	0.06588724	0.029636437	0.007830685	3.729284	0.012438239	0.0	0.25214902	0.058345135	0.007219879	0.0065342477	0.026701052	0.024430389	0.023842586	0.030420464	0.0106281545	0.16735026	0.0	0.016271289336096454	0.008014043511727402	0.02639962098298317	0.0012031200189992063	0.007762674321519567	0.0	0.015920809053239365	0.04516083878249967	0.04729256529193816	0.02430414835246353	0.03193568036092066	0.016191675492811978	0.01159754925991434	0.011043672050748552	0.8302907329313286	0.3543444807201679	0.0035789013460172645	0.005216317346414647	0.01632727800400855	0.2842856933592669	0.19004675921066538	0.5455392401628105	0.053355747392406526	0.04010040978417792	0.02630484529507096	0.02096531856839462	0.019738345763069716	0.146541622706822	0.019514228783575588	0.033027447033731186	0.006937297652766602	0.020180257161458333	0.027100256575940243	0.4310574428201356	0.33455706139869673
LDLRAD4	0.8069031	0.110683285	0.44357073	0.09784705	0.16125277	0.19912834	0.10972284	0.20355558	0.47518006	0.16651985	0.35115352	0.18924111	0.61419564	0.59377956	0.32445732	0.10698335	0.057487622	0.23994169	0.18453643	0.27747393	0.44890374	0.10960357	0.38283712	4.976634	0.48138106221223464	0.9960472845351482	0.5908072781977025	0.12963349041706465	0.14338654639171286	0.04288070591872265	0.20810373191850656	0.16238917360156627	0.451750805015627	0.35726766692222495	0.6559728112030332	0.1159297648333661	0.058800284629900966	0.12964736311306507	0.37430053360450966	0.47393127165849025	0.3176974681429782	0.14308540377062073	0.18362321470145443	0.5427409254320723	0.5378922077173792	0.5143438740066643	0.20966945079956018	0.18352264490332115	0.3062604308265516	0.22270348410499774	0.31137889307275846	0.39967843402515757	0.41672144515868925	0.5105224718520142	0.1274560403129537	0.09875769324779912	0.2856130715315934	0.6173663151570858	0.24290903581370873
LEAP2	0.41463512	0.30570856	0.558558	0.23836899	0.20144495	0.37283847	0.1484732	0.16422516	0.31563777	0.9235393	0.05019143	0.26112157	0.35525975	0.11697723	0.10399794	0.2131362	0.16047737	0.1627943	0.16726527	0.1943811	0.30512688	2.5787168	0.48250207	0.22254074	0.2263473351621143	0.13852821516365277	0.013864856777769148	0.13368235481078153	0.014246067638719963	0.8188382159069493	0.1728657344952839	0.3638477781586136	0.13501781413530456	0.6107885853641964	0.02496719933038415	2.5043046431982514	0.29837167043155977	0.9356275290691207	0.08581931398645852	0.04615457131699393	0.09402918457357114	0.041219821856693435	0.43806542200102455	0.13672156028914453	0.13936529491952981	0.12774851418943403	0.06936599915581507	0.13880240552781198	0.13359126575617272	0.2854623883425901	0.045401257622855455	0.1869262478568337	0.4008840443061207	0.00988268143086212	2.4663589765527623	2.5730792012392114	0.28301666257920993	0.8794207999572725	0.0
LENG1	0.20083416	0.46557984	0.19174574	0.26640898	0.21352576	0.09773563	0.14796205	0.20846584	0.28207183	0.23311956	0.11970699	0.3708036	0.19788751	0.75596964	0.21789217	0.08990246	0.35064813	0.26717192	0.1875995	0.20876396	0.2977138	0.3384837	0.1423352	0.20730504	0.15234685593088507	0.2161673525265788	0.18301290217936558	0.44597927359895273	0.2429553980808183	0.3787822330456817	0.18153990761465327	0.2405736654388936	0.2662294887628542	0.3245002637524225	0.24979945359564223	0.23462220944322432	0.12112618892447365	0.4040325319825722	0.217607220180703	0.15105274363715615	0.20148178907543285	0.20447736067733063	0.2788723881453298	0.27116439865394015	0.13711280932169642	0.15444355059485715	0.23036285870074263	0.17731887005273733	0.2003089047998024	0.24190908486104215	0.22923105713799752	0.17171261542803282	0.2861237071119402	0.3419275830980964	0.18251440319457887	0.194261445905012	0.30453386362723506	0.1339356191811753	0.04991764309192841
LEO1	0.15713808	0.16460823	0.35571125	0.22708255	0.20210953	0.32063937	0.09559216	0.304284	0.42253533	0.2553126	0.09304029	0.22274682	3.0979948	0.4299284	0.10116482	0.19103676	0.15920892	0.20213556	0.23111999	0.21550207	0.27471894	0.19383101	0.5480559	0.058446318	0.0791137237587797	0.22322930471764915	0.14769552358397528	0.11720409067549527	0.18670199185815758	0.16772480383695745	0.4222947039765859	0.17452905557612736	0.5746062311651335	0.3342563152627139	0.3762174395895602	0.2488668752310931	0.2704649529598871	0.3719663587109796	0.10466225141807331	0.14178207863894746	0.24213719922586982	0.2784505519375597	0.18483127532341231	0.2997600044664997	0.1441958783758235	0.12604513653363875	0.07973117524120048	0.23989968940345113	0.29452588769691324	0.13983531648235292	0.18847020309216747	0.8860318914636389	0.23496879717718275	0.24225497834532436	0.18416281742467197	0.2548498149627192	0.1884426278094348	0.3081795385929611	1.2753063278880308
LEPROTL1	0.49131966	0.736057	0.4592045	0.72045857	0.7237885	0.73746884	0.5409609	0.8948167	1.8338966	0.29547864	0.7113401	0.8420548	1.1094986	1.3315903	0.9877786	0.1974012	0.7537517	0.6393745	0.7899953	0.7750853	2.8247316	0.5791482	0.992583	0.5128396	0.28832359060263457	0.5990800919690322	0.6380983151976278	0.6126104797235169	0.6410247229964714	0.8043835004709728	0.8037940183713957	0.726679705401024	2.038890746777786	1.817332040928264	1.6382167398718992	0.44165732408065517	0.6177593952854118	0.4506151528194033	0.8790871358579753	0.6071830315792499	0.7289038040123429	0.8776206466951648	1.0968189893379743	1.043745027602789	1.3150119565336214	0.6793956207389673	0.9105098147165732	1.2386198828636363	0.7440721264248144	0.9012490985985582	0.7060537955081151	1.5840687206813269	2.5899025563691658	4.074161921544673	0.6214800196926363	0.3242754347177058	1.7004003914044823	0.7535034976263454	0.2916679334265288
LIF	0.0065614632	0.018979423	0.013292419	0.019172588	0.019287206	0.012032805	0.0015634771	0.0053982832	0.049852327	0.031170005	0.025824992	0.012588283	1.4844668	0.0146102775	0.014886121	0.00015080685	0.0028363965	0.014456326	0.03352537	0.012184601	0.047154658	0.029050063	0.22344509	0.0	0.014907814348549714	0.010211733578874583	0.0	0.010306714419457184	0.04058491987499802	0.008207975573743215	0.012629340530990006	0.0054013360370196	0.052410041111093576	0.01720892224846478	0.19863009670330695	0.004809100441912098	0.05414254652387361	0.045730851084140725	0.0013439037046342527	0.09442465374011412	0.030214094499561816	0.02357672234980411	0.0006641989964878458	0.0002567673564990821	0.04433654555379937	0.015579390818360914	0.00165963400417109	0.0	0.014703197530655092	0.007989810740671332	0.010375407283629247	0.04752917630331857	0.06750637275001796	0.009652325981945669	0.061097502217257314	0.002926829835549636	0.18103540446322303	0.003713451946972395	1.0576700533672516
LILRA4	0.65477484	0.0	0.055013794	0.0	0.0	0.0016036589	0.0051255217	0.012431109	0.0019035895	0.00040142937	0.032323822	0.002183094	0.0	0.10839598	0.021179002	0.79958826	0.013879689	0.008783644	0.014114292	0.025480146	0.004671269	0.0049839714	0.12462672	7.3086753	0.17249218194413324	0.2572958127411918	1.7151675390725496	0.0	0.0	0.0	0.012571946145886113	0.015385282742514609	0.001291760098843816	0.0011332809071481964	0.008053838151746092	0.0001631761652883531	0.002140681295656628	0.0	0.03188389360571766	0.0371604050356671	0.007737395196230211	0.0	0.0016267426216002663	0.07726956638502452	0.029115902062333342	0.3486585382363019	0.036987824692080916	0.0	0.02801486138969352	0.018039421891554046	0.012028826507881552	0.036983912331717356	0.002933576736691122	0.00011990827599516301	0.014096586343120138	0.0002089456459622324	0.0036524113558931708	0.5446794317972621	0.0
LILRA5	0.03772055	0.0033625483	0.002133427	0.0	0.003803238	0.06557168	0.1175979	0.13058135	0.006839119	0.0009219536	0.19149864	0.003330076	0.0730097	0.2125194	1.5814912	0.013211531	0.12767673	0.24658294	0.20692697	0.1877298	0.0035890178	0.0070326417	0.050585963	0.81329757	0.019022882192755736	0.029676020424412343	0.07072453936362813	0.00013001813318878723	0.008205409972898422	0.003146517706207036	0.10512780943419645	0.04322892701316214	0.008008410864907054	0.004728493145206354	0.0	0.002352097543471039	0.0028014811714334588	0.0	0.2552050063707606	0.3610918907546156	0.006982503909960535	0.006457810315935203	0.0006969564456837303	0.21127080089392078	0.23488569088535405	0.4393125444650051	1.9774425815227819	1.5289654712985123	0.1754561152876613	0.1495600571753451	0.3133940531419937	0.0	0.005105160571486539	0.002379813756439107	0.008940937120006502	0.005317394266405323	0.04397184053783745	0.1285413270606963	0.0
LILRB2	0.061092105	0.01000664	5.997236e-05	0.0	0.023825202	0.4701112	0.76072085	0.6812915	0.025580784	0.026009357	0.879536	0.04393192	0.3787045	0.67871565	2.3777077	0.07430485	0.99378926	1.170305	0.7879475	1.0005242	0.04130417	0.02250679	0.12968864	0.42478353	0.036893459518812975	0.054976668075499974	0.03459801313124661	0.005090159675142461	0.015647257698522356	0.01981194276413564	0.8619763383886154	0.40478219255504166	0.024161319800258943	0.024015889527672515	0.03527477536820361	0.007237524852676912	0.010620486507305751	0.011691269880445132	0.7409412755767217	1.5869159289271064	0.054657149062728984	0.0350013493670243	0.010576500734107437	0.8998420122097016	0.7861769615099089	0.9040191770558788	2.00796346016476	3.0448655363820722	1.4831137782649357	0.57091217858004	0.9468928005878741	0.10753803531844897	0.04877185318597612	0.004089551564266242	0.02030497174456246	0.0384537947497584	0.15364719242082212	0.1847836369650805	0.0
LILRB3	0.02951025	0.013689158	0.009731124	0.0056231334	0.032381408	0.27020872	0.14896971	0.39281866	0.014126373	0.020056998	0.6406708	0.020086952	0.005285919	0.54416454	1.1846619	0.020381222	0.19465923	0.62271506	0.48786443	0.53679264	0.068992004	0.021507677	0.16046858	0.10415728	0.06838413632827665	0.03592093887423252	0.0	0.014794936036619038	0.002110168143973411	0.0174833006757848	0.3568833072712604	0.4448244911071925	0.016991918619014633	0.0210979688530309	0.0035609996509084808	0.015458263012099866	0.013210128821410682	0.02701839701882724	0.693333516687797	0.9707625826904159	0.05875178568586084	0.006695375673761588	0.02008374006501764	0.7348673639712194	0.6925922363528928	0.3960302658493051	1.0119297588097598	2.2233127634676664	0.5486617343132617	0.4612735072317092	0.5908433791790215	0.1926898476365325	0.0581495822991079	0.004288170686400141	0.030283600223398512	0.01875970693711464	0.27656495494263494	0.17353227138601274	0.0
LIMS2	0.08852945	0.38920942	0.061273105	0.2304217	0.702331	0.0019526694	0.010836393	0.013398856	0.13843429	0.02838387	0.0136102745	1.4739492	0.0	0.010836019	0.008869766	0.009964472	0.0101886615	0.0076786526	0.010837993	0.016226387	0.18911874	0.049979635	0.15034266	0.0007788686	0.0410139528984436	0.058919436136637485	0.20171862017937536	0.4844118139317308	0.4023859881154788	0.2103421129481625	0.0274079545857538	0.024162541510178777	0.2395441904707305	0.042165393631348635	0.01967519861275116	0.079141198419177	0.016721273052515962	0.1791429247174944	0.007641510910823273	0.026116957109877235	1.3714852445098384	2.571617053704214	1.2336369447286488	0.013606538729889733	0.03547915996877188	0.005297291766886226	0.007032691037346705	0.032868208075802194	0.01419921933476609	0.02542972104637391	0.0068497805470727315	0.07818026527181848	0.041466137304989145	0.7361429495334466	0.07668231361016856	0.034369779283147786	0.1738762200830081	0.1694135484989632	0.01475579155815972
LINC00861	0.020526648	0.0033698333	0.005423668	0.0012812357	0.05114306	0.0033395526	0.019239953	0.003301099	0.3713392	0.010594768	0.29782394	0.017867148	0.00808155	0.013401495	0.02250775	0.013779767	0.002011825	0.007897753	0.012329814	0.013044894	0.8041622	0.006093267	0.13988802	0.04750254	0.0047707521104581796	0.026760436670523857	0.07530015220910187	0.005826116339506498	0.004326256162590246	0.003763438343250887	0.009785064193324314	0.001931518480017945	0.5315650909497563	0.16690260922208866	0.4140359121835029	0.027815702809636727	0.00508362081479943	0.0	0.020591350897714918	0.014301494456815028	0.010454301534802651	0.026240477860884275	0.007594535920011923	0.015308958986020884	0.023036790023562723	0.006865634097680925	0.022216266257776448	0.07235428977967111	0.020078075414419975	0.011685360652041333	0.00403071899023702	0.22382367833868247	0.6282374094053379	1.608363238177491	0.008676642792530047	0.00685159321827616	0.4126903845304573	0.016629850329668804	0.026691614786783852
LINC00926	0.8764945	0.012165338	0.24047762	0.0135926595	0.020625342	0.00026065257	0.005451881	0.016420703	0.0065336823	0.033772185	0.008120033	0.064679585	0.0	0.0072102244	0.00608713	0.28151268	0.0	0.0058871917	0.014821792	0.019433958	0.035245266	0.035385262	0.011226347	0.41565076	0.25059709957977777	1.5030044304026027	1.1355864430245817	0.018009896820636497	0.019952055638585982	0.008947290107991024	0.004460593589114298	0.01101796356707524	0.016269980009050874	0.005760393794287686	0.002346963222537722	0.018336469301412157	0.056596254439102316	0.003273658968251327	0.0039188922491158315	0.016019498495765245	0.037987840998933264	0.06546604807976361	0.0350503782804228	0.015936966502276877	0.008781342195847404	0.008378962217937417	0.004212073228697337	0.02666738164072801	0.016046612569682345	0.015249797192345156	0.01775403181172044	0.07969715254647392	0.02759378237925	0.002181151815217583	0.018168502277900588	0.06990892145517195	0.015165245527276786	0.02877613423146182	0.0
LINC00996	0.28603604	0.00058041315	0.0010283784	0.0	0.004288812	0.11577149	0.09376889	0.069880806	0.023439793	0.00022790364	0.014478366	0.0033178022	0.032183144	0.028920418	0.0065084035	0.13954212	0.050379712	0.060104836	0.079269625	0.11820303	0.03210924	0.0030993796	0.100845	5.954468	0.14609991266012753	0.16695504864205019	0.4337896503047775	0.0009394589315620384	0.0	0.0017905970713536809	0.1304103148845233	0.0394035340538771	0.013782135778351643	0.023111654428740126	0.05750032806244134	0.001079341477887296	0.0001811779276187635	0.0	0.01870571091996312	0.015739775408003896	0.004336357779550995	0.007395929731636383	0.001633817774632722	0.011532917653670666	0.05613823145240168	0.06091575295756638	0.005866162188674457	0.020439419142088248	0.13603187185452492	0.08259440983847088	0.04689456524540012	0.007833798442568098	0.04389007066204756	0.012345770306137127	0.004537594456604813	0.002447297741533476	0.23257188944062365	0.017021924186358322	0.0
LINC01480	0.33672622	0.009838426	0.17191283	0.0003501794	0.005857845	0.013318852	0.009406095	0.038119577	0.20948057	0.0050201667	0.039580014	0.011943348	0.0	0.043965477	0.03827931	0.7619053	0.056426324	0.09622921	0.0750372	0.07147193	0.28306505	0.011041037	0.101211034	0.0035702083	0.19482974942147907	0.2332045095216444	0.2507309953659625	0.003513469467560112	0.0	0.009054309856336522	0.03634891878009604	0.037747550295457885	0.2838865661182349	0.17456314770442818	0.2708506584747123	0.006633159496501398	0.002249638450241879	0.0017076928553910091	0.07525655230761863	0.07679568325208166	0.023349108118279425	0.004717583183401555	0.017705658796278438	0.05761387499123628	0.05293015513850027	0.029410498145051416	0.050656824084611675	0.04185617807805408	0.07941571030469988	0.10733627989736508	0.04743222051338735	1.351864985831372	0.19455894754974085	0.09783999629920691	0.014501753587065111	0.011272790495050016	0.0643965837615818	0.07627821646438702	0.0
LIPA	0.340421	0.52967334	0.18581879	0.32223397	0.7949196	9.650775	6.626953	7.8629637	0.38606218	0.33151287	1.0982593	1.0710719	0.51705587	1.2672718	1.3874851	0.2842115	8.495628	13.388559	9.195864	11.103651	0.4498817	0.49883848	0.6867417	0.39512628	0.3205962076328343	0.2849214361419881	0.21074015695044448	0.4959409849707529	0.37602016118241544	0.7965540139310566	9.970396544979897	4.930799737422279	0.23658372353055288	0.5534208274934276	0.4170328170199259	0.5295554852213717	0.37464628911142317	0.7548205746805727	1.1574192905534355	1.0127336627527108	1.1413093332586648	0.757203314880553	1.0581376279777706	0.86697593873	2.3532166591938837	0.9628751884623011	1.769071617405805	0.9886706055515226	12.089459100383683	10.955705716051739	4.901317851530714	0.37265222660906905	0.5303315127716254	0.34177082228366557	0.610464343163879	0.3618387157973948	0.7185935214790173	0.8275575308990147	0.14276958521524435
LMO7	0.071874894	0.21115713	0.30390447	0.5090786	0.14336807	0.09219419	0.02371737	0.08994734	0.17317468	1.0697707	0.034864392	0.056161784	0.04586791	0.3607122	0.0180604	0.031018544	0.018884875	0.010847123	0.006408617	0.017706422	0.10929223	0.39564633	0.07711159	0.0021794632	0.10010778652786391	0.04252567318338654	0.038328275378198405	0.13946343155057517	0.3726884818081073	0.14806197394873935	0.06597719733911193	0.03621289832792608	0.16637095729787463	0.19075181520531173	0.06926627949572385	0.1806292064374712	0.3348251404281456	0.2820994229152285	0.026308993855852777	0.023041004042026223	0.07251187052549259	0.034650531691259465	0.06571298659997954	0.008443559623103536	0.021753372819365988	0.06806598045656993	0.02751144975385731	0.024328341517612897	0.022620810821280066	0.012599375479213457	0.02196217362308302	0.023518541881016323	0.06491930326018097	0.10297580571113213	0.25849079437557027	0.5304602690179646	0.11651502212468576	0.07700779173388665	0.021103724726924192
LMOD1	0.0007051168	1.0001501	0.001483543	0.3777779	0.03679025	0.0006375941	0.0005321923	0.0027146167	0.004107777	0.0031119962	0.002175231	0.011680692	0.0	0.005415904	0.0037964252	0.004903991	0.0020994288	0.0015384317	0.0057325475	0.001921682	0.0020125676	0.010176746	0.13689415	0.008935081	0.0	0.003257749392802589	0.0	1.145759719148645	1.2915031248175501	0.71392250187373	0.010958098236056578	0.0013222325329001728	0.0015817711552289348	0.01042772798660419	0.0	0.017573537404589893	0.00040782814529412965	0.0	0.0026355096843256078	0.005659450534328984	0.0015235340172053166	0.029951076510981164	0.012140776316708578	0.0	0.0071600051859510155	0.01671614693206491	0.0027078915505387665	0.014026619714020677	0.0023721115561728076	0.00436630607735189	0.0007715410995434445	0.0	0.002926111405200038	0.0002721234297783628	0.009841919101722142	0.015381300456207081	0.1471729323487568	0.18520120236390322	0.0
LPAR6	0.040172245	0.28322366	0.023108881	0.3699305	1.5876559	0.8770547	0.7724656	1.0961514	0.35727134	0.05276237	0.8629337	1.7430544	0.21195865	1.0420432	0.9429606	0.040182702	1.5003867	1.2291706	2.0885904	1.4788113	0.5417777	0.06039851	0.55675817	0.0011226202	0.06921749618303989	0.044301059133486996	0.017255949018401374	0.49395496316691945	0.19362580260247064	0.3504935227226948	1.718614597391992	0.7330563775214446	0.5053965407136063	0.16545507418171954	0.3604905634771665	0.1020168700098017	0.0333206527665536	0.09190013702279828	1.2347424215601863	0.7160111183935471	2.233153641480712	1.3210599785414845	2.2342869718611627	1.6740842672638605	1.0265322252811175	0.8453470832148773	0.5180665758772712	1.304529458367691	2.1513373715983675	1.1771756671731861	0.5548791981573498	1.1555187237727176	0.5367333779232051	0.13206640764767927	0.06830325211272759	0.07691448128105223	0.6694695421167243	0.7257507451594098	0.005144568695419135
LPL	0.0012275795	0.35857606	0.00086113496	0.29248348	0.041902676	1.2274055	0.51436234	0.59265625	0.023110598	0.010273253	0.056345474	0.083944514	0.0	0.15437712	0.019554667	0.0	0.4229027	0.78366697	0.16617517	0.4148271	0.007483323	0.016645603	0.07622364	0.008935081	0.0002548759110695563	0.005373842366733524	0.0	0.13711262130951074	0.2733206801549707	0.7122815375255105	0.5818163513175383	0.19787859685369466	0.004470664438285684	0.024405604367063113	0.014469518070727322	0.020619980124981386	0.008909612424981422	0.07354984999877479	0.023967360365628156	0.19381943585825678	0.05431576076481278	0.03759267160231913	0.08384165516031178	0.05793899651976971	0.10877576158611965	0.003832591172065481	0.023676692738686247	0.04388587906161269	0.3601290475705847	0.344344508917983	0.31505634806215005	0.0	0.010229630460793235	0.0019589058889245415	0.009840084264703642	0.0	0.14967305578112597	0.05239381733965223	0.0
LRRC26	0.22072162	9.0598514e-05	0.00017607254	0.002711879	0.005430894	0.0005905933	0.07932676	0.0022773694	0.00790461	0.052803624	0.00061989605	0.0026205974	0.0	0.0059184157	0.0049425657	0.032281213	0.0	0.0014185635	0.00015665367	0.0011996664	0.0019748127	0.02248309	0.012803678	3.19703	0.10491718210638057	0.13139356416080047	0.5618313442537368	0.0	0.0	0.0004822179278749898	0.004396057748175287	0.001692015247849318	0.0032403957846193067	0.01027623136741404	0.002871102131493799	0.04521234769080755	0.04649319781845982	0.3225744792393276	0.00070430469863555	0.0018731734469007552	0.012002406215631757	0.0	0.00019461311896642048	0.004432921300379863	0.006620455699361813	0.013506869667942085	0.007966784438740179	0.0	0.00216690868413306	0.00035738746711914574	0.0007385453871551158	0.0	0.0031516702685360993	0.0004256371058877499	0.02939973853461307	0.030293452922505626	0.01705222234417225	0.029908810581730977	0.0
LST1	0.31222224	0.13133602	0.18861553	0.3140138	0.227288	3.4734535	3.205227	3.805818	0.5690319	0.34946758	7.0197835	0.15207349	1.1167144	6.9532013	14.898523	0.5037014	5.6625624	4.517136	4.995845	4.6532702	0.7025217	0.15543804	1.3454487	1.0121753	0.19686331716677363	0.37694236452713925	0.23540081981789188	0.07102913980368415	0.15502892923574801	0.24840545036274422	3.177119103489899	4.854633652675028	0.5033239399452514	0.5757586761526023	0.6676872924200631	0.12720810770749033	0.2122303728789116	0.15482795085813023	9.824384874577762	6.918102889728838	0.20153763684419215	0.14711319576639514	0.18206558181742755	9.136591731500491	8.513319997103592	5.4868258408564925	16.690421085019608	9.54188651352539	4.285289867051982	5.537981902912832	4.335339377780117	1.280418942191384	0.8222641976484975	0.22869050438868138	0.17430190088516648	0.1856473448566164	1.2074901392774309	3.1160330201268613	0.05102793546560417
LTC4S	0.022381874	0.07196665	0.034720518	0.08062113	0.5158777	0.58239764	0.40220436	0.41619292	0.052340318	0.01342546	0.2967539	0.7633331	3.9246848	0.40294376	0.06028404	0.06461904	0.61637926	0.3497374	0.579532	0.53593785	0.08204115	0.06067016	0.15603589	0.0	0.034311678162270126	0.030539021447524035	0.014644635625797596	0.13132991134762084	0.07414782761582658	0.0802052895279635	0.5800019433484654	0.18291609923360633	0.0603856047433844	0.05364045757812367	0.08594002996444655	0.02595928469198364	0.01618340079642999	0.03646801209508492	0.40044260171775425	0.1963091913272415	0.5491451084272129	1.39384650003164	0.7942768974887355	0.3529783609487141	0.35267340259345836	0.651641521222044	0.08280775902299184	0.055342867388053704	0.7648613685452984	0.4691214453685057	0.3778512305865752	0.0	0.10892031744857061	0.06418425422432847	0.03107171823960473	0.06139716061883343	0.15458789372576842	0.21719149402252882	0.04563619210301334
LYZ	1.9808041	1.7035533	4.780615	0.9628938	2.0925171	25.119791	21.857832	28.446335	1.631485	10.753374	31.340307	0.8878798	0.95287347	31.086529	54.563087	0.51754594	15.265253	28.635647	17.204426	24.292908	0.897297	7.021383	4.389733	0.32595468	5.027575276204825	0.664809310448071	0.07585972158686133	0.712916779445897	3.998828745473923	0.4917090075567576	11.577188082584879	12.45925541981972	0.34583152753254587	3.237533374799644	0.7697772226536707	18.698284165425672	3.7097974994575633	3.2530882623982547	48.88678877617656	29.279250568041828	0.8959924656381534	1.4061534698751839	0.696704560873248	33.7363222880767	53.748474020483876	29.13723983156313	42.44522161564195	85.86913798017088	12.205100458035345	21.992735518953424	49.59506989353594	0.8490018312033121	1.2346163892600508	0.1836160055801181	9.611723547460203	3.4268596477061064	1.3906812536310258	13.011393529012302	0.01266929770028719
MAD2L1	0.114776984	0.051676452	0.9710543	0.8985707	0.6997875	0.61107576	0.94304734	0.603815	1.5924112	0.77968884	0.15879598	0.046607316	0.15201823	0.42191106	0.059323207	0.056616656	0.036405377	0.11373212	0.047651805	0.039383255	0.15824503	0.09099095	0.51159966	0.0073480047	0.0685195838334719	0.0536269044204403	0.14080585747584418	0.05057525973359439	0.04034967801527094	0.06127988962466347	0.5589138996303091	0.4000269644845799	1.8313060323569534	1.488976897761745	0.9133303127063453	0.9624191242652074	0.8125610202631536	0.4278120355653058	0.14825492423551606	0.044786613832061846	0.02151227303429401	0.06273030099107063	0.054205560971591744	0.40907009789853005	0.055943505842292754	0.046081441490103625	0.0248736293911395	0.018342400081417107	0.033443348539348834	0.050081910909435465	0.028949827897467754	0.18220103917183816	0.16825732069586355	0.17440766921586237	0.11455592252242862	0.0581835241481564	0.09363148658924325	0.18177251596192467	1.003589269838988
MAFF	0.15739623	0.63505864	0.17979121	0.8700307	0.6149812	0.5190754	0.9073183	0.4581724	0.25848067	0.26318532	0.7119953	0.9029771	0.4529627	0.51260626	0.21532069	0.20027167	1.151311	0.5649143	1.3589398	0.59148663	0.356929	0.31579316	0.7521159	0.005245007	0.21932061655475843	0.13580808565372876	0.0585819145517729	0.6410921398132469	0.4740254268594245	0.857565566617857	0.3407163182085861	0.5703217140707019	0.09215405512942552	0.37808933208953066	0.42771616008120256	0.17972434127256945	0.3631641162962293	0.6564892383631814	0.3259432020357747	0.9980429464930377	1.724540764294414	0.7318446287052139	0.6920462074655878	0.16627047304530115	1.2896484002853763	0.5388569019032505	0.33751261014778927	0.12517741590138973	0.6371097625435792	0.6042964276014557	0.9650379781275602	0.0528827902558562	0.4527865799859092	0.11648455569554318	0.36330230116186	0.08093879975930961	1.5314916844926012	0.3983329528768633	0.19669945701731448
MAML2	0.25711197	0.46901748	0.20021148	1.0373	0.3344699	0.23769522	0.08295236	0.29049602	0.2476521	0.038241453	0.3074841	0.58339614	0.06811129	0.3371014	0.15396091	0.037470464	0.2558271	0.35879177	0.2640728	0.37931347	0.31372523	0.07772927	0.34478474	0.059047636	0.05765053548723758	0.3744232038410109	0.13464233153805133	0.28873746488475194	0.7741411003470311	0.21344873144029125	0.43117738543482254	0.1377507835659687	0.20960699380756465	0.07384705388179587	0.5521478542256864	0.041123246088469886	0.1029649553536433	0.12377639474539921	0.15512889075711522	0.6719890982282583	0.9406374708782461	0.6999200613627834	0.23396468670322942	0.09467339948772127	0.295923033413637	0.45250414813019696	0.18576953409571836	0.20913449673607978	0.5493452149251631	0.18404253985054936	0.36947904729741937	0.3266619391255565	0.29460809346091826	0.4360946654655418	0.049177436364516366	0.03740757098185287	0.5011736236906761	0.15584455168277242	0.5353001658844672
MAN1A1	0.33853966	0.21225579	0.22933075	0.27998552	0.41846433	0.4932258	0.67128307	0.47576723	0.26079893	0.40552694	0.2533826	0.5517632	0.20938471	0.21624294	0.2952255	0.70258015	0.50843775	0.5749356	0.88795835	0.628824	0.25403896	0.4887356	0.39692077	0.60228586	0.3829477981921625	0.17332758731647466	0.46188524862000396	0.19842562822363008	0.17839629928616113	0.14653901630266458	0.7528512404262946	0.3522140532438336	0.2330567671555051	0.25683398875869795	0.28595700497457077	0.4299090836054542	0.4099020756845666	2.122291782924107	0.3011406615534435	0.44596467291371034	0.8548212681043266	0.46307774889632003	0.5173035083434409	0.367106304588115	0.27934082209107747	0.21712073285764147	0.18890450485838217	0.4456347588939287	0.9266551243988731	0.5489208768915786	0.3461361893429877	0.2850720467505517	0.31684796980158164	0.06132768445565439	0.7871428129779523	0.30541218160517586	0.35756977473195944	0.4578512144107133	0.1564626054815263
MAP3K5	0.0713512	0.114070274	0.09293808	0.13417071	0.08186056	0.21881256	0.1599521	0.14439803	0.1397455	0.04327504	0.13928103	0.08336974	0.08319773	0.21880999	0.13565047	0.06968106	0.16033734	0.24071081	0.41298598	0.2236474	0.17113292	0.047939718	0.10888543	0.12576231	0.010914836114824982	0.10200593311024352	0.08348422357557561	0.1322761822779919	0.1362949686543281	0.07615848433889394	0.2813174390515023	0.09609007263241619	0.1640873570848572	0.08060979366814362	0.2511244167366739	0.05511797924047286	0.01840920319285911	0.11185400673908552	0.13164875173886584	0.22709860660419837	0.11377370353735505	0.1058078528616326	0.07545510259361506	0.2102849102222861	0.1855460745011673	0.20725418101452397	0.18381242949967083	0.24355103347258794	0.3238708369290806	0.1718110910620156	0.1771376621664844	0.20933710847582138	0.17941158902505497	0.10319948320932443	0.04855561609628772	0.0024681416632216656	0.16561990783279806	0.10917718721921926	0.0678635411051724
MARCO	0.025200957	0.032464307	0.1932105	0.0	0.008341322	0.27856848	0.14623813	2.687918	0.10472313	0.02535672	0.16805226	0.024566688	0.0	0.09765755	0.5498439	0.029155495	0.034268655	2.002634	0.38135555	1.9116704	0.05347129	0.018094227	0.017369645	0.0015765983	0.06347221399094893	0.013768016177385437	0.0	0.0	0.01133883576239309	0.11992728831255088	6.1433032525251585	0.24500372357049788	0.025316321413271392	0.1032667559580709	0.0	0.13317563519888376	0.012534822316779416	0.019878062708624477	0.1350528663032927	0.45588709426348806	0.004170386418204201	0.01612326905534074	0.057573253900874914	0.06983309689155748	0.07425699101584404	0.13010594201997167	0.6165339658897602	0.5161879211549567	2.500500040688219	1.3102158073942622	1.1054404194199394	0.3542107885534113	0.035224874688118836	0.0037352992401801085	0.031989659497519196	0.0	0.010809548086682306	0.038993517295367715	0.0
MASP2	0.08775196	0.079142146	0.10490428	0.08926489	0.14755473	0.11821981	0.100761816	0.06754903	0.10545391	0.8125245	0.014790886	0.04964194	0.09867022	0.044105604	0.12119345	0.08852524	0.15237594	0.07829365	0.05896139	0.06695181	0.13060577	1.65665	0.25430888	0.0	0.14247410161251017	0.021416697257315095	0.0	0.02972743787799682	0.011105638222406374	0.17378824885711028	0.06738143274992751	0.11721738550098544	0.028903242125623868	0.24425996680414563	0.012491393994478751	1.1019744626848433	0.10171762042917794	0.561844242734862	0.04057980084770191	0.008286724397170637	0.011665322616654176	0.021547518391681557	0.0944527735551948	0.07176068450996534	0.06387465018797261	0.007639045692137187	0.028678975350232394	0.11283929103892071	0.07987181445819647	0.09584458169561526	0.001241951107055368	0.20554029755778128	0.17801633508498318	0.0026870162171534645	1.276049498221083	2.2527267197252527	0.08777663316937472	0.5182133594931644	0.0
MAT2A	0.64580536	1.0474435	0.77041775	0.95048636	0.8736852	0.78954613	0.5203568	0.84142447	0.69067574	0.48603892	0.966376	0.6122737	0.19619372	1.9658442	1.1550299	0.24253494	0.62140465	0.76454717	0.92338943	0.99571836	0.6307089	0.47289428	0.8288762	1.1505363	0.35426439268803595	0.7108072672563464	0.7014213465937368	0.7986388583933866	1.4017936043192225	0.6522915537120691	0.8394849959783713	0.8891920429377841	0.5778786395081977	0.5697951331452175	0.8314862141680989	0.4821367193820024	0.5746159707678565	1.1619601620829165	0.9727298363219863	1.7549579217931384	1.0960761544451072	0.6520042620240383	0.41731827606893795	0.34712893017468577	0.8429002438364237	1.9379128295211085	1.1386922187340822	0.35291979493976045	1.0142752420465968	0.9516796157177481	0.9947650267268069	0.2541203624242312	0.6144799027131025	0.736638439865861	0.4890354602217679	0.4164517789351119	0.9711519906253675	0.3094670769772425	1.6534353700558528
MDM2	0.34803003	0.22849345	0.27353984	0.4986237	0.4208209	0.39994755	0.13531844	0.28406835	0.43864813	1.7162161	0.37264347	0.37946475	0.22694027	0.664788	0.41166347	0.9303237	0.25652567	0.55667007	0.30732048	0.422966	0.37521034	0.73757344	0.78518826	0.17562973	0.17052187105753042	0.28457138301083756	0.3205461966667156	0.16824896287903526	0.32065553281733006	0.2881991435696034	0.44085690377783265	0.26434249340214333	0.5121906865743374	0.3148989343966005	0.5627309938418683	0.3724086533199278	0.2462104067050542	0.5743188355356602	0.254535261259069	0.6374304212274401	0.7210698865231431	0.3334326519659568	0.26580303344790446	0.4773235505484791	0.5447280818630394	0.3152456593283962	0.4459739121757849	0.8296718752006926	0.543398861324571	0.3083876228113199	0.4046011861795468	0.49499691864112755	0.35942095233972843	0.3562417364005206	0.32560249894208043	0.41791049481321624	0.5582576882143093	0.33581092546974345	1.8274383030197838
ME2	0.22889584	0.1363213	0.65409756	0.1659118	0.28348076	1.5735371	0.66027784	0.9829155	0.4570549	0.2828353	0.5545081	0.225194	0.7315184	1.0929855	0.4917651	0.356889	1.0462823	1.200467	0.5606049	1.0116345	0.43684617	0.15969566	0.9901317	0.23747893	0.10060506977897911	0.40980372997337755	0.40463666279309796	0.11838875424991223	0.17347672902047087	0.09275281589315998	1.8156841061409588	0.657621431634186	0.5462667202604511	0.29524671472071323	0.666288026716455	0.13864599800995628	0.27723139159047233	0.5964147642915472	0.46851797920237337	0.9124952902340138	0.35400522455014305	0.23504758226639486	0.1819060285167311	0.5920141948094491	0.49456170215777406	0.4548971003488282	0.3910562987821004	0.8393062793244056	1.4549400458625672	0.5462948900796637	0.7616981831526283	0.6198091160167347	0.43502622869480717	0.36583998914823485	0.19336834634739275	0.1404749621230916	0.5074844720082866	0.3792203605610051	2.902937528982458
MECOM	0.0033329	0.05378826	0.018637452	0.085597806	0.8345895	0.0027079654	0.0058541154	0.014554204	0.017346427	0.029241532	0.083830394	1.8038859	0.0	0.004358484	0.0060827807	0.006408284	0.0023601828	0.006157948	0.0137104215	0.0056525692	0.013073782	0.023553703	0.07661735	0.0	0.0062227967634818394	0.007413867854731677	0.0	0.18385110995060683	0.023433297514728647	0.04527712899775087	0.007764189146473514	0.022223862080359053	0.0012529627262914866	0.016432342142926864	0.015381974247792479	0.04198110213610206	0.03472547082843483	0.0	0.0027175319966294322	0.01230532592749127	2.28154077360108	1.7725358515163188	0.9837609156095756	0.0025968246328385617	0.021857837693798985	0.0	0.0036032714776918435	0.014171032069801179	0.0031809086425846895	0.015962375240622672	0.001517925123259334	0.0	0.0058053685050146004	0.000681192960042081	0.033207288176815654	0.011713308373270769	0.09959047671030569	0.07640476283039	0.002275941961555071
MED8	0.16830316	0.39831266	0.31132156	0.33707514	0.2913853	0.36051646	0.869563	0.2924694	0.3519662	0.34505832	0.22824776	0.26364475	0.11972892	0.2743771	0.32294482	0.20858815	0.38894063	0.2796921	0.26248625	0.32043797	0.26390153	0.35153094	0.25032672	0.028046368	0.15972963850925445	0.14539810225748978	0.24068892201583292	0.27474085841728557	0.4532500643541946	0.3661705506292404	0.26598060623060965	0.39953818099739186	0.37084291323675755	0.3522584244323832	0.32859171423410777	0.5651105234580128	0.5863160826556237	0.6275518858961284	0.2810627695441854	0.22233752622429787	0.1903284828033832	0.2734572777339656	0.27368082197241456	0.4646122904190963	0.2470663879067448	0.31779067196842425	0.32923140227188674	0.35066591779039574	0.27724607781110555	0.34263438693932174	0.3395782962068148	0.13690959215164183	0.23686725226370117	0.2707403963401036	0.40747569926597993	0.3749507008139084	0.2196734641368358	0.3408881283094126	0.13811618153040064
MFAP4	0.0012945551	2.0264368	0.0	0.56456006	0.0027879241	0.000300961	0.0	0.0011133638	0.0047173044	0.0022726483	0.0027200712	0.058409207	0.0	0.0025450904	0.029055743	0.0020163974	0.0	0.0018458742	0.0015953338	0.0038849886	0.009080151	0.01792858	0.17038167	0.0	0.0004688195766871321	0.005314093131909224	0.0	3.053945794536913	3.31546040372465	0.7906130162037662	0.0	0.005755588620692699	0.010041400098402238	0.00027273321459185757	0.0	0.00027427271432921713	0.00427666508750314	0.01722207920891898	0.008220608424246413	0.00265809447111867	0.0024858033514722	0.18764403802382745	0.007119242380129126	0.0	0.014867745296095318	0.0	0.049874564653425296	0.004414531752027036	0.0028803371906095027	0.0057387039378093835	0.00284473279654472	0.0	0.004847969779496159	0.029482992358250113	0.02670673423144397	0.01569273370225318	0.3037583304629558	0.05311713010009606	0.0
MGLL	0.20268168	0.8281915	0.19995877	0.90903807	1.2311732	1.0283418	0.48280898	0.8228132	0.06996803	0.6276329	1.566208	1.7579577	0.17887634	0.42018446	0.23229244	0.24014959	2.7826147	1.1848792	0.8157649	1.1536127	0.095375374	0.4029364	0.4345839	0.2929207	0.14759802088174345	0.07483092969442746	0.2803089335404872	0.9938090476928872	0.8925060657561463	0.6117918975132963	1.2794207358103644	0.3974657837355047	0.03267290870089503	0.14284724399914545	0.05645844056033877	0.3830616935911282	0.3629502862845243	0.902868331946763	0.6113797905974425	0.45212900543735723	1.4926361914092443	2.6865402073685223	1.5936480337025516	0.3011681662206271	0.23211380864959533	0.5993387602051641	0.34437031260785556	0.2379505041597929	1.5686100792620976	0.8656163383806706	0.6799184588627963	0.1632106706693575	0.09305991570554019	0.01766105905295457	0.5409442351261956	0.1533419624380302	0.39303255995152114	0.6869568250216282	0.15399797252321382
MICB	0.06502933	0.022083608	0.0840467	0.13199234	0.21615109	0.17948456	0.82387924	0.22641352	0.2830717	0.0965509	0.06933546	0.04091472	0.023322957	0.07676896	0.061641566	0.32473052	0.074484885	0.09548305	0.058315862	0.08862886	0.106968865	0.018644257	0.11868112	0.011433056	0.04021273142764072	0.1001416086555725	0.06414783851823246	0.02129484819442868	0.02031495306277614	0.02958160101441966	0.17385911589469702	0.09594097172918784	0.3248591404822885	0.21518210317124245	0.27936728238767694	0.04892602654173744	0.038965000988776415	0.026389053889683316	0.0605670342627535	0.1328552222093306	0.08373844755897976	0.03882746952911114	0.03485781597913526	0.10978998031934427	0.12498908469547748	0.033945006289191934	0.07390036544322813	0.1526916728890798	0.09679184890517571	0.05439938663473196	0.06345665954847406	0.036999504906790597	0.13553495801076135	0.07681306487433787	0.02574321238383542	0.01316902563963729	0.12194340667385468	0.04508667766411552	0.16257257286080892
MILR1	0.091163	0.03520271	0.0122205075	0.026918476	0.02837924	0.2767698	0.26674327	0.32755584	0.020667654	0.0011897389	0.21692564	0.04322996	0.14516933	0.21038187	0.28392926	0.2666439	0.40771866	0.7494397	0.42122954	0.4520896	0.053636592	0.014053854	0.042279366	0.30528435	0.10346702364720274	0.09618202458552047	0.11353243719807544	0.058724237809587986	0.013630820022994908	0.06265569770640439	0.45658519568028516	0.21831829014687584	0.021084895024791266	0.03705506846692128	0.015786065271794998	0.0035811210142893462	0.001928842536519515	0.002798652597542467	0.3049649434147404	0.20826232996785665	0.03180118798233788	0.0034213043113691883	0.0370869721394014	0.2915067210591724	0.26207663765935185	0.3673350473969556	0.21920448779039953	0.3568197833937754	0.5108736903668156	0.38198844093756046	0.25325051615224026	0.0546066164970398	0.03724038650076302	0.002546710190627424	0.01498940459550835	0.017736514459842097	0.06566238106290175	0.06391899440453029	0.0
MIPEP	0.02613101	0.037336618	0.64461684	0.06446912	0.094120115	0.040991377	0.089885786	0.045026854	0.056561977	0.03990355	0.019491898	0.039778102	0.10831483	0.026972773	0.04450846	0.017633036	0.025637709	0.09229467	0.039770573	0.041141592	0.041607954	0.06453754	0.059745394	0.0030016773	0.03197770211975646	0.024231783944777194	0.03783290600524364	0.04682223989923425	0.0590109820279744	0.03901785968270978	0.06686207755759571	0.04791575270835411	0.0508035612796711	0.039634820565156055	0.07117379332062893	0.050103374789018745	0.06425119644828989	0.05342326974633879	0.03416511995434519	0.022065492230444267	0.046118546576715	0.0595926715068554	0.04580211512231135	0.04222258902409347	0.042581864664372165	0.0386314056658293	0.017433971288823014	0.03027560172510177	0.05401903417036875	0.022995046350851676	0.047025533661433846	0.01038356934274946	0.03304599892882034	0.05087511072551086	0.056676887679189734	0.0649585240629599	0.04984108777450656	0.04635047009485661	0.14491048753696203
MLPH	0.019466517	0.0047252444	0.012122671	0.011287994	0.0033847534	0.01813132	0.0007036331	0.015089862	0.011648002	0.14337173	0.00055359636	0.018122258	1.0029812	0.0026076185	0.009440431	0.00015470707	0.0020994288	0.023339067	0.014718291	0.018685352	0.009002385	0.118523024	0.013902888	0.0	0.042535620559774855	0.0050675282116871495	0.0	0.0032640933929164303	0.004656973412226895	0.013426844681209613	0.017057945901561972	0.031072909027616138	0.008250565927069351	0.02594452371682594	0.006465199087921873	0.08875885717475628	0.14708950370937146	0.14004994801112583	0.0	0.002325104379739481	0.01197775613675658	0.024624674056032317	0.017617428288661016	0.0	0.0011832363856066565	0.009247238063470437	0.012623858559724971	0.005111353173440332	0.011522630639073033	0.030317535572503242	0.02206196449993619	0.0	0.012416999077494583	0.005160357487968602	0.10973209172971182	0.06350917392755617	0.005970852407960913	0.03306445701988005	0.0
MMP12	0.27837119	0.03293409	0.0138278445	0.014983191	0.0026197797	1.075408	0.3305404	1.7385981	0.18430658	0.021691209	0.14200018	0.03118732	0.0	0.49630108	0.1301055	0.005651573	0.015043566	2.4359415	0.30634508	1.7433956	0.022763763	0.022805668	0.008830223	0.0	0.8534396394388806	0.037124330975655345	0.006179866048486907	0.0033988134540934366	0.011318125623337765	0.15017039214281505	0.14348996699524577	3.4162486656976436	0.00827140976452503	0.041086982609997276	0.01238067980323519	0.002551070345392081	0.05528943548762637	0.0586111463349441	0.03488977086807119	0.0506811782161962	0.0735422633989037	0.0	0.046312607080209935	0.19962966517681358	0.09617145120375661	0.6059833297523763	0.16849184783342278	0.0130158703703992	0.0869979661409373	0.9201679300451993	7.342567465399149	0.0	0.03168766919152148	0.003658280935382298	0.04090427169633157	0.0012457752835331325	0.010910328597170237	0.014231830383866696	0.0
MMP19	0.012297089	0.13390024	0.043760933	0.07289926	0.03503847	0.39112046	0.55353737	0.40982318	0.014832561	0.011622966	0.19003035	0.024571292	0.0	0.11022559	0.2079871	0.022054639	0.28511304	0.60222876	0.49225172	0.912082	0.01592053	0.02931041	0.0384238	0.0	0.011249372040859597	0.00900657593999809	0.0	0.10179883171552033	0.16027125519063454	0.23904062218144237	0.33651468432390347	0.5415190728118596	0.0030959271529976515	0.037532665386739335	0.014484799456430596	0.020689238931747195	0.026414903245914695	0.038928114134689856	0.07205666938132825	0.6093730063467174	0.03402548786877999	0.021607208886623226	0.029712261132892874	0.02216020421280821	0.1792942411887824	0.20621994504520108	0.22392971558178648	0.06487268013101115	0.7580718738915114	0.6331347069356352	1.6017185033649501	0.0	0.022228020920206322	0.002655316534983911	0.04626562477948651	0.009583223685228005	0.055837649655301066	0.012073393280937185	0.03958519305522011
MMP2	0.0017066749	0.4389747	0.0049433187	0.73213005	0.543418	0.22155015	0.0026343744	0.05575437	0.009302594	0.016574532	0.0066229147	1.5815351	0.054338876	0.013981741	0.017755419	0.00015470707	0.00078818604	0.08473604	0.09216634	0.07954881	0.015202045	0.037040893	0.15683699	0.0	0.0028834786645008984	0.0033831265836388323	0.0	0.47163500162325356	0.36172086227504324	0.4811868552155267	0.060117302129186256	0.05751512375359352	0.0036548767708308506	0.013520830870450607	0.0	0.018041649531223378	0.0679714084515055	0.018916911092297786	0.006405453149400861	0.010882083866932778	0.829320410896849	2.2391576998465426	1.5984052880252317	0.0038587134390245317	0.034035710032818266	0.029511265379007237	0.00501344414731793	0.005072624874517384	0.060382915373560546	0.05609800724538457	0.1417303989751885	0.0	0.021720592182885527	0.0008456238228543223	0.022189975943122123	0.07576890884458691	0.24637986315501986	0.08776238120712238	0.0
MMRN1	0.011022345	0.011324977	0.011144992	0.0	0.29670915	0.0	0.0	0.0	0.0063369065	0.00020192962	0.0032905971	1.0114281	0.0027813008	0.005626249	0.009304617	0.0	0.0	6.332904e-05	0.004335194	0.0015944121	0.005525192	0.0043925527	0.090475574	0.27074125	0.016808683204057862	0.013526707006868616	0.015018329012110818	0.009445399885538452	0.008106159006286907	0.0032800684982915882	0.0	0.0	0.013469736543315453	0.0027813032124242355	0.003918854536208431	0.0006834796883843163	0.000733326901066775	0.0	0.0016408969066834896	0.0077599081717179596	0.3681725678869225	1.8902416434503868	0.4793239524348569	0.011127146085385356	0.014777355780115974	0.003078956627151341	0.01231982346090284	0.012509986821106213	0.003163385886454156	0.002427934328523026	0.0	0.0	0.006779628165854963	0.005367411460125383	0.0037054017471182823	0.00749147079389979	0.07787241208016213	0.08882573159065349	0.04251811415078598
MRC1	0.08486956	0.061502922	0.01816515	0.023197277	0.7213121	2.6329908	2.3221958	2.995377	0.08089854	0.21248095	1.3743731	0.7076314	0.10152814	1.926482	0.89395905	0.03508897	2.5818496	3.2770252	2.8213441	4.1361275	0.14911309	0.10763569	0.47965175	0.006553424	0.04789107964308124	0.04365354747858259	0.0	0.027442861574217776	0.1268840159773115	0.06465786888459518	5.1246034644371825	0.746331179913156	0.051253812514766614	0.09290527518593683	0.18555852097840345	0.05481048936185752	0.042652021983024424	0.18887619528864405	1.9015851553651864	1.427113969685609	0.6765762497303052	1.0979050577277085	0.5828562777352774	2.6799321068069766	2.1065671618521713	2.455242683667959	0.6646350216744207	0.7809869650232253	5.523084141003573	1.7804386185184344	5.804228647271947	0.8402351633294837	0.1278071966877015	0.013659215477205125	0.13378711081190667	0.06093433962442946	0.3374549110767062	0.9400809116961515	0.0
MRGPRF	0.00043430802	0.3930528	0.0	0.058695555	0.010309348	0.0	0.0	0.0025617285	0.0012653576	0.0077242022	0.0035473576	0.008574237	0.0	0.00036267086	0.0	0.00061267696	0.0	0.0	0.0013364727	0.00022067351	0.001951556	0.033396564	0.045845293	0.0	0.0005321204746868593	0.0008004589295119382	0.0	0.4974998508962757	0.5492240032428787	0.08886479972166021	0.004883253694784761	0.0031327405168028867	0.0013682668903700465	0.002635065913801178	0.0	0.000789661055782023	0.01764129686936029	0.00493191645063203	0.0008658990481701175	0.0	0.002245683925692759	0.029346242437898823	0.0022693757898646916	0.0	0.0021760252374030875	0.0	0.0	0.0	0.0005436559100169009	0.0008749148649185523	9.043048104205375e-05	0.0	0.003063760715880275	0.00014716031077741722	0.025755358344651123	0.06254679498451568	0.05064137632753539	0.05006630012275082	0.0
MRPL37	0.2923153	0.38083455	0.6744178	0.49646822	0.5565549	0.67916346	0.39709005	0.5285211	0.656133	0.6649828	0.59071064	0.34239903	0.14609334	0.24436545	0.3078868	0.14229858	0.15634094	0.31100485	0.21609792	0.2999548	0.3212961	0.69698745	2.2192817	0.12133834	0.18573023740756353	0.0996208454036222	0.6753750620165958	0.32564741582167916	0.537253183457221	0.3571112977467824	0.3830799758863965	0.6090828481187511	0.8811025227349129	0.8084760575171068	0.17444174448993974	1.2159907674339605	1.191070682224058	0.5331489407957481	0.2554743151427452	0.1605109282762341	0.20050709543849293	0.4603694983094212	0.3332275756801344	0.4955429253904785	0.22887358731212654	0.3414541442393571	0.36711820161271647	0.27924748685804635	0.2851102054484705	0.338023077599092	0.3534979548058618	0.6666082019929761	0.27634706124562963	0.40812826239884414	0.7333015651139811	0.8601349279245298	0.27329371960237964	0.5294650808330867	10.461827961817143
MS4A1	5.780218	0.016917223	2.03367	0.0044049756	0.04060074	0.005786341	0.0021556835	0.00965149	0.07586317	0.0035417858	0.03329453	0.017824067	0.29173958	0.08490494	0.027837968	4.5548606	0.0	0.004614783	0.004690963	0.016048644	0.16116802	0.021376105	0.35132226	0.0	1.440351780869772	9.326278137879163	6.799341146584673	0.008925040878029228	0.0	0.0011211593445598562	0.03235083716116283	0.000813614641532591	0.1088038763875042	0.061943052438995456	0.004631821033173958	0.024358456331759794	0.00010473629288851323	0.0	0.08933901815288466	0.015073322036624799	0.004121034361737329	0.026858443214047338	0.038606907525458034	0.36875003565308967	0.05587195079435623	0.006349043646265961	0.009638651890820301	0.14797571906352447	0.02635447081387712	0.013334951169911657	0.001282548461239143	0.1946168899536133	0.20279787386440074	0.0687214840418367	0.011828310716200899	0.04296390307791835	0.07111300964905132	1.2593236067210554	0.0
MS4A2	0.014164468	0.0020727909	0.0006787517	0.12632005	0.0	0.0	0.0	0.040988866	0.03549846	0.0002920112	0.021034673	0.007897153	7.5999336	0.0007696975	0.04928043	0.0	0.0	0.0	0.008921239	0.0043888763	0.024035703	0.019170988	0.0018061011	0.0	0.044201176972775605	0.0	0.0	0.0015979638283160973	0.005305250383587913	0.0	0.00043910010870927996	0.0	0.054186893854172184	0.01979611758769802	0.03275747425788272	0.0014388436393790185	0.00014364467351089423	0.0	0.0024252693904073612	0.0024171404169695413	0.00020410396898663553	0.0	0.0031248595865252696	0.0035345368302626416	0.0002511603532323412	0.0	0.07552388556440318	0.01385335447231015	0.004645165771905919	0.006467387557274962	0.0027078646383726225	0.02016047750200544	0.025940349828583297	0.02190753832746733	0.003754998734962412	0.04853632870418404	0.001756460936405285	0.004236315880824998	0.0
MSR1	0.05398798	0.043081254	0.039267775	0.026470976	0.10109727	4.542374	2.6768253	3.179469	0.08515439	0.08521901	0.664027	0.104222834	0.043513704	0.75198084	0.5400413	0.036952134	3.7626438	5.874614	3.2175858	4.232099	0.08821616	0.07532583	0.14973879	0.0	0.07128574825579885	0.07588379965167392	0.007663258037793052	0.0047737118581932326	0.03441445261440187	0.0777566968983973	5.268232204377933	2.1545576836985525	0.027812562130199496	0.11402307104556797	0.1287186667394964	0.05682053736496622	0.0249406059090127	0.0879853840531974	0.8901233505931551	1.0246044220894523	0.266252529281454	0.03389633544958194	0.02992884452223694	0.6528083895124354	1.0612998208729418	0.6841137907302355	0.6108328951883679	0.5177651365588491	5.663959358300391	3.16958485567562	2.6833051706443234	0.18313542279330167	0.10591015340500114	0.006518690466905555	0.06963903900403069	0.048699086429132045	0.1676418852882423	0.2173597601840704	0.0
MST1	0.110369645	0.062223736	0.033920445	0.09989861	0.027145362	0.055818357	0.047684316	0.029872406	0.0586236	0.4445222	0.03544588	0.08485452	0.0	0.04161018	0.018553516	0.04850459	0.39588654	0.07780502	0.038662147	0.05030324	0.09102873	1.0653979	0.12528037	0.0033960051	0.18396578714156878	0.03097963114874843	0.020935615472217062	0.034412835298774445	0.057035119521459635	0.06215805504934653	0.03583559388100833	0.04665380793492068	0.030229849575182075	0.10278982159929466	0.009188393149374583	0.39187067788942925	0.33190062691462147	1.0202792895838546	0.01518163163439203	0.03071642360121727	0.055689805443221434	0.1206191538899025	0.10009217221398785	0.025848167632162935	0.020566731305928954	0.055143474344344155	0.028919135480704385	0.04906563677028405	0.05852625706810977	0.06901938985240301	0.009341657911713052	0.0	0.1196810840967412	0.010110581507837169	0.8257523104590346	0.5922820239285944	0.12628955696369867	0.17937559690512847	0.0
MT1H	0.06820375	0.027906613	0.020203106	0.4299136	0.041260265	1.3915533	0.4547841	2.4526887	0.14292386	0.88057786	0.09468257	0.03523944	0.14021969	0.38257354	0.26102778	0.124934696	0.086138725	1.5722812	1.2910833	2.3358407	0.09050914	1.5883114	0.86903876	0.045339137	0.15888539232194088	0.015313148008452297	0.0	0.027400954081215085	0.006460406126514557	0.07991545014738508	4.108164043531773	0.9076285167034494	0.11552762911662014	0.05466214281238463	0.005988999580343564	0.05502025171030653	0.33434694894004985	0.025254408273790857	0.012148044795436854	0.10615742078550013	0.07237231833589318	0.0023519696818815696	0.060672879646093934	0.23059019312211856	0.0007407977038128361	0.022145531434495207	0.57746055996017	0.4915348284810946	3.264055264981809	1.9533821009115544	1.4640521257819041	0.5892669504339044	0.06312293114409342	0.0011548796423210233	0.4811777699896148	0.062400546826928714	0.09843811926757705	1.845956470491883	0.03850670883938727
MTA2	0.104111	0.117491215	0.074830756	0.24411897	0.14382973	0.1521288	0.13032481	0.115879014	0.23063147	0.14703302	0.110720396	0.16794097	0.07913257	0.11379172	0.087066635	0.03479558	0.006316603	0.07539722	0.04352445	0.09964446	0.15456398	0.061123747	0.95442307	0.2114313	0.06938104990867777	0.07332693579964597	0.16760110619595092	0.054000683944444176	0.23122642876301183	0.06621005137715441	0.10463931415933168	0.03831213676277885	0.3266031166252651	0.12746272104528067	0.08774094260322622	0.05682363310221617	0.1220758696257484	0.18575652667454312	0.11195444279582029	0.12054902616931186	0.2187383815475245	0.24288927504249563	0.1415617070010391	0.17843278149811173	0.10823484501058768	0.149370225822641	0.07716422171295864	0.2273840976827533	0.07821555421999636	0.07492531707137545	0.1867086961643218	0.3600456045819568	0.11480315663769365	0.261796579073466	0.07538951711765615	0.06025507808779322	0.13801193170148257	0.06666565662625656	4.848129946027752
MTRNR2L1	0.1711988	1.6608626	0.12201574	0.15511888	6.9590654	0.14027685	0.026711479	0.05404958	0.23377326	0.23334336	0.29112515	2.5755448	0.0	0.0014582475	0.08393101	0.0018665735	0.036469765	0.08114411	0.062681004	0.155212	0.44132367	0.23800674	0.08673029	0.029946536	0.49458390777721	0.08182840659281379	0.0	5.736813184071399	0.0075026699943663904	0.17386813522188477	0.004130710140824526	0.3509824034473573	0.031038455899060246	0.14954760552782775	0.0957767101270812	0.10357263128514015	0.20599057283708735	0.025461032472807784	0.22776218161050024	0.019193767617889157	0.02205970881830966	0.02243296580316811	5.979118295325317	0.005207584761991733	0.001666922478159522	0.0	0.13891088072831637	0.0	0.004958098811307069	0.16664093045594003	0.08743896012221591	0.0	0.29169833811965	0.0022041083282114027	0.3232823252713378	0.003802692762473916	0.15475657977158008	0.056422410490891896	0.06717274801420624
MTRNR2L8	0.56600296	6.732027	0.27749506	0.3365111	19.42871	0.17266378	0.062490523	0.2700991	0.96030647	1.4080848	1.0808512	11.564081	0.0	0.061935365	0.42156756	0.0	0.20411164	0.35871226	0.44268236	0.84049684	1.3635019	1.5809551	1.1151488	1.0665985	1.5428978276894958	0.09593075954908495	0.12682284598727436	16.17627135578889	0.28600562556839715	0.3150625245004518	0.004180349633811907	0.22789095943758947	0.27309935874979263	0.17544117792020633	0.0	0.13187143852864425	0.23387592670091326	0.0	1.1514634538943533	0.0016755413206758574	0.002964682092786108	1.243582015363293	15.849778621096464	0.0	5.554784516430205e-05	0.24768591240551496	0.37544438224270055	0.0	0.03991562146842433	0.501544496609677	0.22019719488508707	0.0	1.1498737284751497	0.0753006552346618	2.358546857209952	0.12068209679333486	0.24796731475522205	0.025680524250756884	2.5895512479465355
MXRA8	0.0031284858	1.3812288	0.0033646391	0.7526242	0.025581945	0.00013393896	0.0010643846	0.0077731377	0.0022507925	0.051493805	0.00040768165	0.02674827	0.031701952	0.003205034	0.0066280016	0.0023214144	0.0	0.0034936704	0.0039096214	0.0037608217	0.0046106637	0.09003617	0.12318132	0.008935081	0.007072411050590918	0.002253818050480167	0.0017309947263972612	0.8504560051677138	2.1959813785058975	1.02209124615364	0.0	0.01782339870064268	0.0005233775848605196	0.006251758566230379	0.0	0.01616877043884858	0.2687210010974119	0.00302522809341036	0.00030221232292796475	0.0012891657930185364	0.014484418020881176	0.0735577726628305	0.016460216011072296	0.0	0.018865145852922614	0.0	0.010961963904651928	0.0	0.0013839165890940795	0.0032153177828959335	0.0060514689797426	0.0	0.005650508250568568	0.003853915623646833	0.029187361225618044	0.21727040323547364	0.15949463048620513	0.04407037657456142	0.0
MYDGF	2.1321588	1.6599823	5.785449	2.2121093	1.9515619	2.1114545	1.2470453	1.8963503	0.99293345	1.9269478	1.0597596	1.616983	0.51182574	0.92263675	0.92837524	2.1021726	1.1859479	1.7952697	1.5736115	1.6914895	1.066985	1.957242	1.5439317	1.5905077	2.0092835112768244	0.7902432205959931	6.187583916203255	1.2149629733111857	1.645916573335328	1.6345869168694105	1.520418390189462	2.0918665761942763	1.0071346234073006	1.1679157398750253	0.6714140221135049	1.6850135268451514	2.5478790874227255	2.837902743710673	1.3205250572171598	0.7147442402386586	0.9544876100139071	1.8779079585467529	1.7607152153654362	1.5122517911343285	0.8927791112478604	1.4396891778688996	1.158555704860715	1.3138630207149669	1.4332873394224246	1.6466938514283462	1.8320446533781167	1.4535441064215326	0.9842171312444675	0.8334652862116637	2.2154423584461678	1.9261808833787872	1.2734113400472031	1.9767024690750143	0.6279198426799172
NAA20	0.306759	0.8324395	0.6144066	0.69593066	0.66109467	1.0846773	0.7316052	1.0072868	0.6658322	1.1817873	0.5182007	0.6062945	0.21849903	0.8039549	0.52419186	1.0377394	0.9125495	0.81095445	1.6045713	0.78720486	0.48286352	1.0763133	0.5660498	0.32199055	0.32482736377693344	0.330248628917942	0.360289923094685	0.8026570687688344	0.8293768732031636	0.9099947582833541	1.007176441993968	0.9413226012692614	0.6682127545980822	0.887898757606575	0.3777601587410672	1.5716498320104086	1.4415589184765152	0.805043430046495	0.5942363220199265	0.3695691216353091	0.4244035831798664	0.6965820700529397	0.6973576572227873	0.781707797106124	0.5046372610128014	0.5872499887399152	0.6217067378260503	0.5159599320244903	0.7998549443992419	0.8803958986851945	0.764765341144242	0.6913215934456169	0.4650359524841067	0.5365391517020581	1.1305797578519445	1.1606672009658086	0.4011327292329133	0.7884059041002951	0.4323216041995868
NCKAP1L	0.47440833	0.023885494	0.46950987	0.0	0.070741996	1.469832	0.7088647	1.6294708	0.6870595	0.0265977	1.0104538	0.04158305	0.36391637	1.068259	1.16751	0.32975334	0.9368205	1.3399031	0.7696376	1.3413796	0.6494589	0.034993526	0.59264606	0.66392547	0.16934128209869173	0.6663999369460664	0.6789581342682466	0.010618428198983355	0.04893619503319409	0.020827803646373787	1.9494802608387845	0.8571081131712555	0.826059212135869	0.4330872814323618	0.8205078498691697	0.02020578230675913	0.015361771578343187	0.05951914857761026	0.9890227605942572	1.0856044443982429	0.0731241207863589	0.0445674922068722	0.02126640757231937	1.0832224658744307	0.7460229336719939	1.2759224002499125	0.9137791631399057	1.030044288139236	1.7494132734522496	0.7737563152482939	1.454511173572898	0.7251550810677665	0.6244716649923151	0.5882229380479203	0.0402594038224792	0.025090761835340866	0.42507774366411333	0.591872201590385	1.2532189757594197
NCL	2.6314685	2.7036755	3.2875524	2.2977746	2.7349806	3.693882	2.4623191	3.362928	5.5150056	2.3411205	2.8389938	2.4588223	3.6257637	3.2120779	2.448976	2.819907	2.591682	2.448442	2.281077	2.3055782	3.9924011	3.0005922	15.655246	4.8891478	1.3711706880980494	3.4125417159649776	3.4497098979861853	2.3703453903226444	3.409296163927336	2.021485468350382	3.7137575937526703	2.7936787828700416	7.190793610917628	4.154948442905846	5.2860999978911405	2.102366438845319	4.489172252589414	4.208755158673366	3.136526366905673	2.6186375800386346	2.3051577344777363	3.2676261641847426	1.9754100624505582	5.3958368922540645	2.4373890877790205	2.5649468318112634	2.2487090532404994	3.540851934027711	2.8661120050835898	1.7081457539698324	1.9944808617640966	8.915627784233589	3.5621055946297813	4.06079699775584	2.106215723176424	5.2668724194005225	3.9806205065033224	3.1842653761105026	70.69387586403231
NDRG2	0.063244104	2.0165389	0.030541401	0.9570454	0.33117354	0.24263552	0.1504033	0.2631526	0.07052449	0.49600014	0.45741987	0.59085244	0.18377437	0.49836817	0.2991996	0.011310799	0.21355255	0.13910401	0.107979536	0.22499892	0.098482296	0.5621998	0.34001666	0.0	0.1457129050862484	0.019221257154173714	0.023841707898864268	2.5550033634717018	2.1932676439728196	1.9344143022418732	0.11797277823294565	0.3025395341101173	0.029886366076190874	0.15966179999272517	0.07303653161289507	0.5440232354309775	0.2907097606261881	0.5965483984923715	0.7286043571409563	0.3452930158544892	0.3628370144235091	0.7800598531076867	0.6367270029889432	0.7128769291983743	0.5427243802540629	0.7058298355333772	0.09696468230056313	0.11662868287773548	0.11481501810641649	0.17661921717632492	0.20931608952943975	0.0	0.10352479169097986	0.0690944759919121	0.6934147994198739	0.6067810289749489	0.3150368374224142	0.4766051022117331	0.0
NDUFA9	0.24494943	0.4269514	0.2687541	0.5037032	0.25246525	0.6032318	0.46888322	0.4305955	0.6072382	0.50017875	0.29897654	0.36827356	0.342	1.1572953	0.4257276	0.42037576	0.5480171	0.38162255	0.3339059	0.37120664	0.42561442	0.43685016	0.53176415	0.38376307	0.3513024904631708	0.32800187539342474	0.09437814902518261	0.5841503198415703	0.1737963894909957	0.7724792496848989	0.42069130988559367	0.6740854148701141	0.5350481992473423	0.8231785455347632	0.3882330824032051	0.6058872287075692	0.4163130358446273	0.614599979099969	0.3987565201746	0.22781200568190682	0.2617996107344408	0.273764939814648	0.5245991293815935	0.4785039328633798	0.47020273186513156	0.17941504631071933	0.35007964696396715	0.38302009233263723	0.3313532426717902	0.47249273718016743	0.20166130832387008	0.49304253776352125	0.44730291877386924	0.08713555378437508	0.525715506165538	0.3297175738913718	0.3543855927087122	0.6016280782692148	0.21300644366598653
NEK8	0.23381059	0.050594036	0.078863665	0.009688147	0.028766714	0.010712495	0.0	0.017604413	0.021058306	0.038313143	0.033773184	0.046664946	0.011970231	0.009733863	0.016325153	0.1224761	0.0021223852	0.017717585	0.0049699238	0.012436164	0.045398526	0.05336693	0.025813052	1.4928324	0.11040859288411765	0.17070096384813338	0.3560832545241843	0.08687210978585981	0.03597171803320505	0.018811380052372054	0.018274675864842892	0.013597235369764479	0.023505016989432793	0.042048553172082136	0.028448441446328878	0.03252270526807118	0.02551663524813326	0.07505820302540445	0.04481102502638214	0.025393105860867782	0.0422803295339103	0.023087963397140854	0.02313414981527209	0.016138929008501134	0.021433089167432612	0.006580901966910453	0.023820981904542245	0.024434132836507534	0.013219481892570058	0.007978177173473657	0.021477284481184186	0.0	0.042061374198055106	0.034619418546975395	0.03463291712911597	0.01363415161767712	0.02358244137913216	0.032046693917645905	0.0029207355232648948
NET1	0.14842752	0.9430318	0.41935772	0.53026736	0.21023424	0.12907997	0.45225	0.1824751	0.23065753	0.3841752	0.42486426	0.22298376	0.35557723	0.38987607	0.09238189	0.08336614	0.07788314	0.059321642	0.093564495	0.11433866	0.07219013	0.45838958	0.47291344	0.010374292	0.1916685438036369	0.10614930121826802	0.11092415289683244	1.2393210621657993	1.2704839915726331	0.20028659814407027	0.23206535448602172	0.15103400352151639	0.1835756453144312	0.18693841668081101	0.22238633523899648	0.23831622820527115	0.3724554761143677	0.9995233225705001	0.45271232073294565	0.5540972968702622	0.252114750144589	0.2660349536465169	0.1801439092098207	0.37994421878729506	0.38574255462485774	0.6050539339434504	0.07463491399437289	0.07884106010067143	0.11790982812362892	0.10059028420628056	0.10210925327820164	0.09538032311897773	0.08356944929957137	0.04505400757735701	0.3294407964979613	0.8045206672236855	0.22110142601755461	0.47280210983376697	0.8001105698638274
NFE2L3	0.037332848	0.037094157	0.0925837	0.04768919	0.07569188	0.09018538	0.043680627	0.1150104	0.09896339	0.06705258	0.20595364	0.06691467	1.3653933	0.29077283	0.12754583	0.07173342	0.063290715	0.18498611	0.11330261	0.20093134	0.11018856	0.050465126	0.22799177	0.007193734	0.04466047850194398	0.02881070030673401	0.019332522638907033	0.020507096840436573	0.024744799932444217	0.041874778647999364	0.1768097815862174	0.08507939096036436	0.09156015386856371	0.07387589820389256	0.24685370188381894	0.04690891387637889	0.23282828232790134	0.007184924170595085	0.17260732218713332	0.20872305638354172	0.11821698549738355	0.07217043665093713	0.061909936731657636	0.4741500555279986	0.42423507099360375	0.10840447920223961	0.12008561431884865	0.3829360365458851	0.280309353061639	0.13591441488305708	0.09368250537249982	0.2839566233870271	0.11025307325294745	0.030253360207906626	0.06141091354582559	0.03625299075964535	0.09596711715904772	0.12562482529813132	0.8801806623400478
NFKBIZ	0.84992224	0.68910915	0.22761185	0.6146987	0.8712863	1.3270863	3.7170193	1.0425608	0.98957884	0.56461835	1.1440792	0.97102153	4.1979556	1.2758458	2.4609172	1.7942458	4.0068626	1.2129956	3.9904342	1.3692759	1.5519882	0.5071827	1.215879	2.2767785	0.4967777309896231	0.7088559061355024	0.8208674502082224	0.7838747116815966	0.9236640403171684	0.516032869594646	0.7687861923878351	0.9572381275330778	0.8084010487825081	0.6436022830473236	1.9479628089274257	0.2659369240235427	0.4915320610276656	0.6536016454837592	0.5997227461472974	2.3663107199591895	1.7564960198213557	0.9122124442510173	0.7074931524018184	0.8389527901869258	2.555738436769726	1.6005947833215806	2.248370728943443	1.915166547313911	1.8072478752509569	1.3206755289131282	2.353276233329144	0.8812093660428927	1.6525447182339559	0.6592783106048644	0.5748091832971856	0.22663132895935426	2.323969182732483	0.810458310730127	1.0380356184228978
NID2	0.0011196219	0.42308918	0.0	0.9896907	0.4314139	0.0025762871	0.0005321923	0.0019184053	0.011276319	0.022967385	0.012285641	0.3913051	0.0	0.00068445853	0.0016980171	0.0027149818	0.004088388	0.00342852	0.0016294904	0.0049482165	0.03312896	0.008769683	0.11593735	0.0	0.002312960413559337	0.0031263459831028513	0.0	0.16552988601380567	0.7952216619336419	0.3460679529977684	0.0026544977158947606	0.015470429838120522	0.0021843187687182607	0.027660813624489137	0.011599386490024297	0.05231925627872351	0.03001250732671579	0.1337613650730678	0.0	0.001462277110610238	0.380368573738381	0.6240059716746583	0.32113939427563065	0.0005061619990580791	0.0025507089367199226	0.0	0.001519433543795631	0.009085653200431212	0.004978759228120817	0.006017405702887527	0.003270886017591989	0.0	0.03225787961472654	0.0001880116699277321	0.014626568835682599	0.003416456979792229	0.0874098344344198	0.17568013126520077	0.0
NKAPL	0.016477264	0.05242898	9.922033e-05	0.012077321	0.029473526	0.040451877	0.0	0.04217382	0.0072239167	0.0028464475	0.038423803	0.073431455	0.0	0.014669005	0.017791292	0.030148065	0.35261282	0.023278516	0.06456809	0.03516963	0.03783098	0.02073371	0.054882307	0.0040101837	0.0016463411187465256	0.04020142339356986	0.005039723069818171	0.06466515028494915	0.08432532554852913	0.03569825595733893	0.03854312320259778	0.029110713173263976	0.0	0.004326416914895988	0.050881302420855	0.011804315707181203	0.0031151904261561376	0.0	0.020385924519277118	0.05083496366260812	0.042346820898585304	0.047049832804791275	0.06710936499949528	0.016625358156628245	0.025803665991384908	0.02249426779191542	0.0290939703330364	0.016291817233714936	0.044283793215812696	0.03386496471754434	0.017585649591597315	0.01576441696711949	0.007971035805944212	0.0029367971946278135	0.006034999998982586	0.0008599286784931105	0.04271066964743102	0.08946223201893073	0.0
NLRP7	0.036349438	2.1108584e-05	0.029499855	0.0	0.0	0.0	0.0	0.00016211465	0.00014453883	0.00028859187	0.0	0.0	0.0	0.0	0.0	0.05570763	0.0	0.0	0.0	0.00032291832	0.0012421077	2.479673e-05	0.0005048935	1.4075837	0.03079616776914056	0.00578353460170118	0.07945198758034627	0.0001108200714007186	0.0	0.0	0.0	0.0005305570322316843	0.0	0.0004282632029175333	0.0	0.002224017135438077	7.257759596832481e-05	0.0	0.0	0.0	0.0	0.0	0.0	0.0	0.0	0.0	0.0	0.0	1.5154415565140817e-05	0.00046254913281858445	0.0	0.0	0.001744097998001374	0.00030223771181345005	4.132788017313316e-05	0.0	0.0011450223191733623	0.0007349202531260993	0.0
NMRK1	0.20456779	0.18011934	0.19122218	0.17293482	0.189696	0.34021932	0.27702412	0.29357117	0.31343666	0.13895884	0.901439	0.35636088	0.23557293	0.15930349	0.1373272	0.2713596	0.2715044	0.2700637	0.389735	0.40348178	0.43565518	0.22951624	0.22143586	0.42857915	0.22112858047680864	0.14054777685886077	0.38768008865445386	0.2133122933081021	0.181362928086893	0.1241644177623614	0.4427016812505784	0.20462195526511479	0.28692305871745005	0.22743823876057787	0.24209088817528146	0.1799933180978744	0.08685842948294381	0.1911771701474495	0.33631458085921057	0.21762712684406085	0.3830790468095264	0.4236153656645487	0.37277936093693836	0.14135473750715324	0.07993208161431582	0.36920582423678217	0.1546984290624531	0.1255790641424056	0.610405552052364	0.2766684109878057	0.2085176542858767	0.23532900639942714	0.43626215858715695	0.4325669091144639	0.24869440550751776	0.28277650992096803	0.358945521916899	0.28003831082816166	0.13168374790758516
NONO	0.6069139	1.0021805	0.7368265	1.3131056	1.6473575	1.3517654	0.66697705	1.1827879	1.9550833	1.3075604	0.8552136	0.96896267	1.163995	1.2932327	0.8674127	0.3465326	1.6197499	0.86759824	0.5809638	0.73934996	1.0757909	1.0657511	4.460126	0.4017214	0.4240022264672897	0.6512969115897993	0.4930129550849039	0.9818602402494779	1.0412385698709157	1.0413566473346345	1.149401780652498	0.8759885382149009	2.0791905381891906	1.4328934906053956	1.8500687242918354	1.4776947599972166	1.4885809054835155	1.5725135352223965	0.8764385570026635	0.9691099724343228	1.1124218306107476	1.2393598198096223	0.9495595638366481	0.9145160076187848	0.7325048340589255	0.742144770820523	0.7553462608837475	0.9608758550464371	0.7473061924329463	0.7008863021924361	0.6929832385473286	1.3871877286341283	0.9462744588222203	1.1019730955345979	1.0768549882095468	0.9659890375975061	0.8843143692495208	0.8546453786272853	20.62831567450202
NOP14	0.16419297	0.090982996	0.610023	0.13730389	0.20405	0.17647049	0.09146437	0.14482036	0.38778496	0.32305956	0.14887753	0.13858768	0.109932184	0.18467921	0.15228388	0.092172265	0.0374986	0.12056269	0.5766343	0.12415747	0.24975201	0.18275928	1.6559532	0.1381294	0.04754078131518688	0.2089468774814911	0.18397057421929405	0.048745247886623516	0.18686873455072975	0.050265414746645316	0.2351570730571859	0.11534563519758537	0.45662436994314565	0.15666904902382064	0.46282440575445377	0.07610786841051237	0.2939659818425869	0.316356082033054	0.1916456555434753	0.1872831272642472	0.2462563873867433	0.12337209077690284	0.05907765304661889	0.40229916124879034	0.12852231769133085	0.21687110774618895	0.1319248520435304	0.31778200436743953	0.16694564611553828	0.0821314926137722	0.15926075437085557	0.7649044433197418	0.19461241564283	0.26094614521049714	0.132853003518627	0.2946714206301807	0.1580816624100841	0.16980788189387325	8.065800426299122
NOTCH4	0.12318877	0.16153179	0.006629522	0.24259907	1.8268309	0.007195444	0.018668879	0.07022512	0.034982048	0.04898543	0.059312243	3.8088467	0.0	0.04527636	0.06063271	0.031764902	0.017613228	0.036104802	0.05348896	0.06181108	0.037610628	0.02062803	0.23598313	1.0465772	0.04320813076148638	0.09691790988605595	0.09245354302973585	0.410592232618134	0.08685968025306476	0.18436845439452404	0.06939387779876338	0.04736414308915909	0.02089723576030612	0.05344220422269407	0.0662635675667963	0.0812382606722226	0.007601094176398687	0.010141061885016305	0.03743025243783716	0.07225911814391028	4.408194870531501	3.9830417552124926	3.4470352802271265	0.08369210381446297	0.08849235196259288	0.04794552503671985	0.057359159865792694	0.030531478407568334	0.0628309790099735	0.05181993921011406	0.02739509146092797	0.014730577809470041	0.036968882345647866	0.010135957826099225	0.028864700003841635	0.012613469374066457	0.3820112425192545	0.22057442877089503	0.0
NPEPPS	0.40094194	0.5533677	0.3612685	0.35793498	0.5743111	0.47437423	0.20868278	0.4182159	0.48552418	0.41562176	0.3433822	0.6806085	0.6073104	0.97750366	0.5883039	0.20808735	0.266172	0.39148077	0.5706936	0.49233046	0.4249704	0.6631201	0.49421144	0.103974015	0.24254414025573454	0.4674378791857231	0.4757084104509362	0.4695239053416686	0.9282012143441116	0.38888754349194676	0.39865688217045425	0.2554370629369761	0.6039545518193027	0.28573873057061255	0.39768154470600753	0.2160159472571099	0.8353305510789812	0.43070321200516426	0.2842759467624652	0.46107897586189817	0.6716131495038751	1.1782407016322785	0.4116927955979027	0.26147807140096346	0.326304610923846	1.0285496162910166	0.8238993570933429	0.3377362839911638	0.41993339357380344	0.3439265436379023	0.9040587516211954	0.39900665097422416	0.34557141033992617	0.8124344746419399	0.5436411462279986	0.3002946428216378	0.45491561975018385	0.21104105400373308	1.0105018143054114
NPM3	0.12243071	0.28270873	0.36042726	0.33864018	0.20139585	0.432827	0.3428906	0.25590488	0.31365585	0.36273867	0.26244333	0.17192274	0.06880057	1.052015	0.2732651	0.35479617	0.1551708	0.17772856	0.23679192	0.16924416	0.22087562	0.27430406	0.3658405	0.1779459	0.17116764899054535	0.06484846494658893	0.19633776196557773	0.30167502837548826	0.13469224128571572	0.37549361747924204	0.29323919973356466	0.3779588577550353	0.31985846277351226	0.36110393881732744	0.08782623816967347	0.3670930812064164	0.5484274055413522	0.2939208232710514	0.3416555198443219	0.09624612390960324	0.0512003270177164	0.06431060398152952	0.22830851408999686	0.4523299670103369	0.20456113017301752	0.15528089599484346	0.20816372963276497	0.09624063140197678	0.1405187511244372	0.22832268480571155	0.14160102360025098	0.5980151467509084	0.1717356385996898	0.14804931808185343	0.2641502247708633	0.3946615026857685	0.11545309757059644	0.345344134648914	0.48028343849117694
NPNT	0.005535119	0.12819643	0.019723406	0.23871092	0.71650016	0.0	0.0018510132	0.0025714699	0.008963621	0.097263634	0.032719538	0.34132835	0.01124265	0.00420827	0.0037592147	0.04180886	0.0	0.0013827754	0.0012632257	0.0022093467	0.0046824506	0.08277496	0.06676612	0.0	0.016754979393685514	0.0025207535638341752	0.0	0.2036257298401397	0.19995907994909207	0.021905636671377515	0.0036425059129599545	0.03490414736154196	0.00041658485082254253	0.027576721636267693	0.0	0.054905314559441	0.08718239358114602	0.01898325464408386	0.006422252948480865	0.001357456215608264	0.5126176684555726	0.4252402466335754	0.20956682475728103	0.00034495529239577364	0.0026148213088235837	0.014270168906044363	0.004493229637318607	0.0	0.0018322603739794993	0.005155181865886615	0.00039706937374784	0.0	0.007208634014132637	0.00015522717384489323	0.03267727542472978	0.17889021309203035	0.06566078834928084	0.08975681941028742	0.0
NPRL3	0.10200296	0.19665556	0.078338765	0.09886992	0.24172692	0.05297056	0.822791	0.08939648	0.17030811	0.11445351	0.08752945	0.13966177	0.12458317	0.07570164	0.08025531	0.03392071	0.06698762	0.19485061	0.09751331	0.12419192	0.14979953	0.15383372	0.12551035	0.06406399	0.11210938644764243	0.15839252098775966	0.0957432715037204	0.19408913657830715	0.21771505078116746	0.11838607302401676	0.15678788813995873	0.08977084098744272	0.15610771495252565	0.10065451781352959	0.11851735314849232	0.09825223118455048	0.25653260536761885	0.4206946068796618	0.08923168607927925	0.09603935453041039	0.13595705341460398	0.15790817847106997	0.14462131906142112	0.07317234024087492	0.0811942850040635	0.15873690996973652	0.10216006328095639	0.06915166236128531	0.12921023861966335	0.13292151966184274	0.08698870197094488	0.11505086236185842	0.12883207491028342	0.23798444481529618	0.13560034823881373	0.17765399944366536	0.14263528856163138	0.08933555630223527	0.21973206502439577
NR1H3	0.031318128	0.21346883	0.03710323	0.24643327	0.057310358	0.3733346	0.32562906	0.658141	0.039841034	0.10592763	0.083600126	0.14886518	0.324948	0.12516819	0.16051315	0.034477837	0.5290246	1.1722265	0.37075207	0.75009984	0.04107245	0.20182303	0.07911787	0.0	0.015082604740419345	0.024097357396990326	0.018776545632285327	0.1567647517120207	0.2707713612327047	0.24998438076685903	0.5558117125528371	0.49443420705745583	0.03413558754774273	0.06328212953988234	0.01868444628420129	0.20163024957171818	0.1543938991450944	0.24325108246263027	0.0961234533088153	0.08462851793109646	0.10260915638724337	0.20466508944556963	0.07925363007800267	0.10467934745310882	0.11210020354562883	0.1386500910488658	0.25452754248934967	0.0959612065033374	0.752605027122035	0.5732591527030105	1.0521779078254734	0.0406778199332101	0.04729383793918188	0.028690916913454784	0.21056615464990855	0.24177280596794334	0.06550867956215332	0.133132012356926	0.0
NR4A1	3.091712	3.304428	1.2019578	4.350786	1.8818314	2.2608397	7.2046776	1.7639614	1.5226797	0.3025487	2.9251196	3.0935864	3.1679063	3.0784225	2.498586	3.1788359	3.769216	1.6482468	3.8334813	1.8357998	1.6089897	0.53199786	1.6894948	2.6542	1.0673402649806594	3.8019183645866566	3.5028835114600256	3.635271301473027	5.544612423953869	2.0520135753122717	1.4724104190783893	1.5873042165729225	0.9706365177780052	0.8924223147167204	3.425004319559755	0.24004211112263202	0.7126630138738457	1.1031563472278012	1.1572610615697123	6.58262109145087	5.991862919824253	4.287329274492672	1.407989635225614	1.579535987972503	3.761991210253732	4.491120089220205	2.9484467328223944	0.8249405141085913	2.131992153692099	1.438602765366193	3.4678622942918715	0.909120425930271	1.9488096767621257	0.8675185903064649	0.4753606684537574	0.4500917853948378	3.2717531785859455	1.3687314082444135	0.0
NR4A2	3.1793408	0.6746475	1.2285856	1.3854383	0.7908289	2.5395374	4.3868704	2.5090842	1.9038343	0.15633649	2.1182692	0.9662124	1.2340375	2.748168	2.128266	0.92003703	6.5885334	2.528932	5.8038807	2.943205	1.9377573	0.1976989	2.01304	6.4742374	0.9108096961450842	4.119043550609602	3.667062202103159	1.2219994897292994	0.9458651891546364	0.43660386152549313	1.6304672329903045	3.276729387046028	1.6290295165184194	1.619951611458825	3.6609217227307123	0.16370109811209888	0.25065168576481855	0.6064568519592285	1.870568651607755	3.5333391763584365	1.7111988966174652	1.1189141857568228	0.9324683759813823	0.4996306065500484	4.636852442752504	4.845838221266366	3.110492219919542	0.3000346809848047	2.673972053035779	3.3601520725880523	4.949142445903861	0.5033593759908305	2.081482088836932	2.1619152378809514	0.27545831833823314	0.1610495041513281	5.703999496633062	1.0494764164347374	0.09347027256585747
NRGN	0.0033067625	0.40406397	0.019678697	0.5145276	0.82362986	0.18094115	0.34438485	0.12903985	0.10586549	0.01841712	0.11068984	0.22125366	0.015897892	0.13425565	0.40097266	0.0047641345	0.0054062004	0.08667498	0.01965276	0.03141777	0.010072636	0.009255286	0.06453355	0.0	0.0018586954193449746	0.005490241703027214	0.00945529959223292	0.6762298933962771	0.38054762574379636	0.14034140832788017	0.12204919638155945	0.12378667014753424	0.10907122989544722	0.1053084885238501	0.09882402933172524	0.04946156041034495	0.03644199078309439	0.04818471159253802	0.12707716764262106	0.23363804041306221	0.1502962162305844	0.24212709169930194	0.19825601486791303	0.3004948870024893	0.11545471791353715	0.11647565719064669	0.2804184782867497	0.9411505616986958	0.020688388969088086	0.0345653337910376	0.06395867595808087	0.03153949805668422	0.01077986720684055	0.0018550634992362833	0.01596675527529159	0.003217610307242665	0.06958710646439398	0.07899677305073693	0.00763230625240282
NT5C2	0.09505813	0.17618398	0.0967408	0.26916513	1.0158625	0.27687606	0.067190126	0.32329297	0.1932337	0.19332801	0.34153304	0.21105075	0.09238926	0.16704047	0.22359508	0.27748427	0.23528236	0.23424752	0.20710751	0.23150775	0.15064326	0.13680372	0.1567202	0.13243398	0.06799603146329906	0.09411478666500431	0.1619560462575665	0.1585540851694411	0.19166512189548926	0.1023138432856727	0.3134409425219485	0.18206222458430416	0.225682150151544	0.1584768277915867	0.19685977086779374	0.11620177236698936	0.12483343874714753	0.2877579667885315	0.25762518447668264	0.28615911863735394	0.3478161434249751	0.24513674502879887	0.17428740869865872	0.33518346634633095	0.13455519318803968	0.19165826504602046	0.21119905194119978	0.47723252800054333	0.30113575492931816	0.1620634785112773	0.24655721278485765	0.2071168507848467	0.13863806443940327	0.13362030293054422	0.1389452250632492	0.13810789303532747	0.22077946280898877	0.14757144309855746	0.15593180502614665
NTHL1	0.16208035	0.33181924	0.26649007	0.43078008	0.46880764	0.08816083	0.14891124	0.1614037	0.23299298	1.10923	0.06534462	0.42371827	0.013766461	0.09391503	0.10271748	0.40541095	0.05425734	0.066489466	0.067738175	0.0856566	0.14582093	0.48570555	0.2914807	0.026703926	0.1739615538522036	0.11437720394511615	0.2924181123850869	0.3476564245333608	0.2545220354082407	0.3560846305383539	0.1635440662121907	0.12685781298599538	0.24224351953631984	0.2649366082834394	0.1659955352688729	0.37469885145977405	0.41693672077124744	0.2048391985775802	0.07043295112324029	0.08027623318294136	0.31650623147000456	0.399487905917474	0.4792602755832248	0.19347027105108333	0.08332356121698802	0.07954519707301869	0.09165701511253178	0.10539878307182562	0.08630211444846046	0.10332930834162354	0.08330024059327716	0.18047168967011687	0.16111344804259714	0.12913415721116714	0.6113255822803156	0.48820001746482644	0.16880560690174942	0.34196440771149705	0.2169067070162282
NUB1	0.4013445	0.44515347	0.20672622	0.4685355	0.5525063	0.54047716	0.6744682	0.62578905	0.4563846	0.825054	2.7037382	0.4477247	0.42857906	0.60311747	0.4654069	0.3472517	0.16315132	0.5032965	0.49300808	0.52228343	0.6630666	0.60694695	0.8280549	0.3067094	0.163074365900792	0.6083715402552751	0.44473819464211317	0.3368595380173497	0.5170879451069516	0.36573633285497253	0.547691289439465	0.5018271931980193	0.5598476059951154	0.43542665916612505	0.6799484676292886	0.49989530005162536	0.4530877149572473	0.36502810980886075	1.4141647110898838	0.7024302247363363	0.6921716980563567	0.45860226167171636	0.3750346613743045	0.7771866269582213	0.4694711492160391	0.916899499681256	0.5390122938174337	0.8269138729325425	0.6425655937920614	0.3705905866814065	0.5049420295985396	0.786966694175423	0.6772930326639406	0.5523969203374166	0.38586925434185065	0.9274412612414124	0.6426268604213174	0.934315360613777	0.8611593217370007
NUCB2	0.7660211	0.695014	1.650055	1.7030711	1.3201421	1.0811579	0.61568856	1.0602567	3.1776943	2.0481935	0.32026473	0.9571678	1.4767504	1.2579687	0.45652997	1.6702502	0.20927693	0.52631253	0.41615802	0.5212935	1.406608	1.1723536	1.1245624	2.0172665	0.948340631505552	0.37142775824728724	1.4823291713240874	0.5021996169883693	0.794936974988579	0.6381163662448649	1.6552967003294063	0.6288523576067977	4.862620852804215	1.8134864577290422	1.8501299169562915	1.327075772881988	0.9844937459244196	1.42561698875991	0.3704207715904226	0.2624533892366574	0.7951428622856813	1.0186533302728011	1.0025992145314515	1.100241625372328	0.3484314232659278	0.19771669437202904	0.32083670978574763	0.5559201647928249	0.7654523131828861	0.35920257940926165	0.2932182392601465	2.3358941561215882	0.8733355159465648	2.8215392212736856	1.3524721981866976	1.3348847309190737	1.0599162997047642	1.2397427808655976	1.3231624689048345
NUP210	0.2822692	0.014468481	0.17350122	0.016740879	0.015333578	0.33388	1.0468969	0.20493284	0.5025412	0.23166505	0.21723141	0.019630386	0.06574286	0.18578076	0.15761644	0.14935437	0.057863817	0.09604057	0.041603696	0.04952821	0.31428328	0.1658781	0.42560464	0.3234349	0.15666736131603734	0.3157197412115616	0.4169575083685302	0.007578957075788594	0.01722634766907952	0.014509359955127825	0.17143204339323959	0.14246647406333382	0.5556206087635481	0.3425609533854627	0.7158221952031971	0.08258877794133669	0.3847179196209184	0.40325985189729135	0.18815217971668644	0.1742714090836425	0.013991209178499095	0.006726551753888196	0.020986402711026114	0.14380222834008125	0.14555266275955042	0.2819229869103679	0.16362216597686688	0.1224997612540549	0.052514990185292515	0.05167426725208333	0.054229355272839425	0.39638872765875477	0.2947745802587896	0.2651543471316922	0.1384467476967917	0.05916712131615861	0.25313365461816306	0.20192207439573115	1.0172729715100473
NUSAP1	0.124447	0.021691343	2.0841734	1.8538208	2.1282532	1.8801886	1.1253403	1.6080936	4.7576346	1.6943476	0.2893257	0.043151524	0.5953875	0.82000935	0.2492468	0.42605966	0.07961292	0.03378833	0.15605858	0.05486756	0.22181928	0.13308018	0.96657526	0.008237993	0.05975831438714669	0.15265118402642655	0.19368388294514996	0.023779982512527924	0.008294908552300797	0.05517425775972212	2.11221486906754	0.968905780423097	5.977989687646763	3.2361766311811717	4.5542755659606	1.3637583518196152	0.9493665814720442	2.241743984128454	0.25660834258702947	0.27488560438094234	0.04724201435123613	0.017938622931360546	0.061656447897340844	1.9435659590251428	0.12789116889854998	0.04302851201748284	0.06654557816390967	0.051245207671107136	0.06584562507333487	0.06231492428187833	0.0509569899677806	0.5008039307284664	0.2603195141459794	0.04678070122175134	0.20292682467297768	0.05922965154124439	0.16536444776632478	0.5841727119665002	2.2832795967979305
ORM1	1.1111382	0.97536117	5.8779864	0.89964634	0.8065983	1.9357021	1.2903898	1.0579543	2.1414096	12.837163	0.7210838	0.8481538	3.2535782	0.601604	1.3110318	1.523802	1.320586	1.2121379	0.68295586	0.9303671	1.926185	26.246243	5.3266044	0.1660497	2.3902286961960306	1.0648458877019693	0.0051620042685306435	0.49787181613251685	0.05159928019500795	1.631814691787524	1.288197478658936	1.2379117182648909	1.1099257329787673	4.284524716692771	0.2792934903094831	24.79210387598194	9.455511538577866	14.855945440583628	1.4762261575953757	0.18688861825529424	0.4356381305704632	0.03935604478417587	0.7213752738010636	0.9604671194413117	0.41615736035431994	0.06973133365140761	0.8193683197416526	0.7463190556324427	1.2306807240269517	1.0028489673017313	0.18062648385549868	0.3466316469303974	2.4559362149609214	0.019551471805072218	29.30429748874541	6.961130614338156	1.771185946362431	10.504630088058327	0.0
OSM	0.05814221	0.036343724	0.028222088	0.00094982027	0.10427501	1.4370873	0.8625183	0.67166317	0.13944778	0.0113553135	0.26356077	0.02237172	0.8196477	0.48556128	0.8508866	0.01137529	0.2580933	0.49019128	0.46365356	0.48823643	0.13666865	0.019506902	0.51982945	0.48700646	0.07999071479613601	0.0403820241324009	0.049877652535677434	0.008391641216725365	0.0777764163589446	0.009538413272258496	0.2777333943004205	0.5144612013811074	0.08366353309158878	0.20704231514082008	0.14903377571570908	0.014005553182022203	0.03682294045150414	0.027986526489257812	0.3850954467676871	0.46644260343349814	0.035094389993896545	0.034639319858035526	0.011488340219401174	0.14140702720107473	0.6790236322055881	0.9100673570718738	1.0879402326474479	0.2968307978768625	0.21439079195879496	0.33103133548186786	1.6328696036547425	0.020321072850908548	0.15634169030612066	0.11128437045716308	0.03166116050061667	0.004204890299404864	0.969061043510241	0.07511312677931146	1.2049547449071942
OTC	0.012640253	0.02728553	0.018416882	0.020839838	0.020203818	0.071655765	0.020603191	0.027771855	0.046942946	0.2909444	0.004422222	0.037403688	0.0	0.02249792	0.014190881	0.01599197	0.021949258	0.029549852	0.012683129	0.02027506	0.04667096	0.8537369	0.08459669	0.0	0.033266364415218685	0.006217775744265049	0.0	0.003689448620842326	0.016927657454147774	0.05239270795107465	0.031200309400127173	0.05240252087047168	0.038635098870885724	0.10306779660771888	0.0	0.4956901066758197	0.024807384659994675	0.12032974541480905	0.011066468621173255	0.0030802771277017994	0.033528380248284424	0.02142390156499212	0.029608422601546728	0.03915076609521473	0.02514729140655713	0.0024966768466443572	0.0008832712825253714	0.04405770719265165	0.022912270071616225	0.026948586799796698	0.0003450002833190896	0.01576441696711949	0.0680131972149155	0.001361865478631864	0.4565306751337851	1.2047867612019103	0.06628911063926324	0.15397359340905306	0.0
PBXIP1	0.4372702	0.56025916	0.1779502	0.47105965	0.320897	0.16216789	0.12183018	0.15196195	0.5036131	0.22232504	0.107429594	0.3451344	0.22859438	0.37944624	0.103182115	0.16325463	0.074044324	0.13747805	0.14006428	0.19212046	1.0524883	0.20800447	0.39659238	0.33456665	0.1756351128562037	0.4896581702776399	0.37177241830367436	0.7903676640205831	0.7055719075324224	0.41539646380917655	0.20860318337027667	0.10387392204475587	0.5038873059277705	0.4703779959899186	0.7905535922239363	0.12759031143441912	0.21643520411080175	0.3667893019803052	0.12524311590546355	0.10318453307245576	0.26567096703057763	0.48179742233527695	0.28830914793199675	0.10685381011654183	0.15955045200903606	0.23148170191795445	0.11833816417443055	0.20687525518130245	0.18696818026262804	0.12295110643080835	0.16993499451346922	1.4863444142527393	1.0662854600305054	1.0448829712838106	0.20967956817628342	0.28072457017978136	0.4573643371503446	0.29309564299434143	0.5739366683485343
PCF11	0.4164099	0.39968225	0.81235766	0.2658625	0.58656764	0.31245857	0.21967539	0.3122883	0.5221464	0.21333209	0.38352534	0.57551754	0.27580917	1.4041206	0.55102897	0.26322448	0.80706084	0.34466344	0.6964069	0.44004425	0.55960524	0.19624174	0.4472519	0.5847827	0.3325157803218673	0.6070327063639885	0.38199942114060415	0.5996032263213568	0.4201544280565095	0.3997652295700777	0.5565424793933225	0.26456233985440614	0.5098748415336383	0.34666987480865114	0.650026255950166	0.11368914573435697	0.17465814725276135	0.37031157897610967	0.4634527989783105	0.7014873356914919	0.9478277102492797	0.6055933013914527	0.528460057813329	0.42024079404491665	0.5248559928021992	0.38806867474343054	0.39220148453661896	0.5299064220444055	0.5419152039935433	0.3985502429066614	0.29037291046926966	0.6612258892554741	0.6063289628579137	0.40058781125740933	0.20784761375738486	0.22126298208664819	0.6390185345908664	0.27861287721148914	0.5846446760101626
PCGF5	0.41596627	0.33506384	0.28544068	0.37143674	0.4252491	0.43315578	0.24283817	0.44636703	0.5272851	1.3235621	0.5743602	0.40429765	0.24011968	0.67244387	0.5608275	0.24803428	0.2517376	0.49012008	0.33958915	0.41344294	0.51421636	0.5249673	0.5084923	0.36263233	0.24345720096207746	0.44815760660617365	0.49837835737127284	0.26154060167075344	0.4010734066811206	0.22320459783962354	0.4783325319288497	0.4064843290330137	0.49200720784941504	0.4286982047013359	0.715448762648743	0.39685199767779544	0.6017787721664929	0.8031437892631944	0.5152531690065436	0.4369889888878089	0.4597868047386203	0.3028228571592152	0.3084299062647379	0.4943388012723383	0.4224500935938244	0.44390622851361505	0.5437500855938064	0.7102911278746753	0.43124619978434614	0.3925494862514319	0.4814629583212211	0.7724841532769141	0.48755072776802444	0.45639615304335124	0.3970153471198041	0.8051792409146412	0.45399733887634636	0.562563792377065	0.6091856240572026
PCSK5	0.010442634	0.087965645	0.11741966	0.14694947	0.17265208	0.005276849	0.0059790052	0.035839204	0.02511273	0.050034124	0.027066685	0.697023	0.0	0.021014277	0.15783542	0.0005489796	0.007835645	0.016893987	0.021513596	0.026679212	0.060123503	0.061671637	0.10818671	0.008935081	0.015462616059711755	0.001694740803839393	0.004443401814313911	0.1327977742417796	0.12986614624205103	0.07359237456260793	0.05431930421391541	0.022096404691340433	0.01908448453985262	0.02312075619132353	0.058704069027533896	0.022887471134503564	0.10304967375621028	0.0	0.033877081103726094	0.045105061188203774	1.1683192084881298	0.7277188376754987	0.5962118973039966	0.03173826346424527	0.03212528975371645	0.03573348151756208	0.06909455955136838	0.15708364086767063	0.020128763591540724	0.021641984912670185	0.06282099098875772	0.02046077592032296	0.05585435004443085	0.09473546253416965	0.036799729997655364	0.03223824746544459	0.04617386611587567	0.07890990219719793	0.0
PCYT2	0.11460845	0.11899456	0.15697643	0.122204356	0.13844997	0.17244388	0.25579983	0.09556392	0.2324092	1.0751638	0.065997556	0.13245584	0.02607733	0.08006496	0.05812411	0.044531114	0.13853173	0.1407948	0.09101852	0.09997127	0.14748338	0.5836761	0.22340238	0.116456315	0.17316779888592454	0.04363350647275921	0.10365019589604939	0.059783638341559524	0.0990957060731141	0.16667102461397995	0.10212591627578202	0.18225954677101472	0.17930935538442816	0.3141374419371806	0.1493091128302581	0.9481620584800657	0.4851773351697042	0.741338176915211	0.05035425857486249	0.03876440986394379	0.05401744707978498	0.09483966704760112	0.13960095454417135	0.14257383584011732	0.0892309181922261	0.05921867033613467	0.07686044978719589	0.04927113291469258	0.07864130634104705	0.150292310402669	0.07759663162097592	0.1298106323588978	0.16838589125422856	0.14044457054905773	0.645152530625901	0.6769601571849125	0.1845171300446606	0.24619867496233602	0.16480553230307962
PDE1A	0.0051030796	0.9020644	0.0019691554	0.43961906	0.025025727	0.0032792308	0.0	0.008282863	0.0017389124	0.003980677	0.009248276	0.02263771	0.0	0.0025907836	0.0053180326	0.00021590333	0.0	0.02169281	0.00042853627	0.001473258	0.0014237365	0.011640409	0.084094346	0.06736531	0.0028475833080383703	5.360392487728056e-05	0.008753409256806245	0.9019937826620947	0.9621371971063207	0.5879367644609569	0.0	0.00801409606194872	0.0013945324568643488	0.004332536668210526	0.0	0.0018237414467735524	0.02186276093076008	0.0	0.0019180960164533612	0.0002595221191104594	0.00833065930406843	0.06843251070189203	0.01180917285373708	0.0022474156983325936	0.007450224347248922	0.0032233526405778903	0.008187631857388715	0.0036760840234877188	0.0005327458149903805	0.0029492142349614057	0.001569908740023471	0.0	0.002095472937848795	0.0002791237499280501	0.016299804073168896	0.011213441856768952	0.10000218766428999	0.04974055276861084	0.0
PDGFD	0.009090531	0.069045894	0.010137024	0.09632647	0.40574843	0.0	0.018346127	0.00359352	0.05841867	0.022388209	0.029377477	0.99837816	0.0	0.0071192062	0.012908503	0.0035787863	0.0026451668	0.011422193	0.0066152466	0.005473515	0.120375015	0.03738652	0.14790009	0.0025153207	0.005344903763809077	0.015713118085878566	0.019249012431321214	0.13383573609693414	0.03235664779338903	0.11797789012621564	0.005617802144023019	0.008572186941856753	0.053216413170292416	0.03832779723082019	0.12022186398154516	0.0331536124228686	0.0063966535378695115	0.08278891958039382	0.006265412216827824	0.013297481699500636	1.2598462187090311	0.6391000825151578	0.8760803027978067	0.003364538356319589	0.012975282915953887	0.016604030431385107	0.002272081161609981	0.0049466037398982875	0.006087112909098653	0.006992665721974619	0.0016984760681340212	0.16509341636261382	0.14643408361443203	0.03055629593151571	0.0502110346061063	0.010146085413338007	0.3628911525414511	0.08162151560354258	0.0
PDK1	0.25488594	0.06469633	0.169584	0.13264395	0.112644374	0.08694569	0.038473208	0.060688715	0.08729659	0.10081742	0.055230767	0.13549167	0.0023548747	0.05105098	0.077006586	0.66146016	0.029909171	0.08355916	0.06876042	0.09300746	0.13405873	0.19784495	0.07302119	0.0036748606	0.41476054084210756	0.2080757266840223	0.21249221420989053	0.05421745766060855	0.060986559089992676	0.1311630534946566	0.048145379596927024	0.08644792659770206	0.07897734629155573	0.09755797739143228	0.06184108082666718	0.09546358598516227	0.1942405841948739	0.405230069277909	0.04532425562886307	0.11204724104505834	0.21459723177629705	0.13026316990985368	0.10818565090836696	0.055295811869813645	0.03420886527398884	0.13207225980614415	0.09260302075568713	0.07606333729540835	0.08335107072400445	0.06188738049375243	0.14678915017681374	0.007833798442568098	0.1401249210813877	0.17085566821923198	0.1479621210154964	0.10772217546141065	0.11010772817214641	0.08014894871711456	0.0519047299365701
PDXK	0.25876597	0.18768351	0.5238952	0.29596528	0.23223278	1.3927857	0.51112354	0.8814724	0.38687333	0.5826951	0.40677103	0.30925643	0.08784444	0.4248373	0.53328097	0.62751085	0.44358352	0.95669997	0.6078622	0.8551819	0.2474997	0.42177123	0.3232437	0.05119393	0.2479731570707616	0.239092411887617	0.32797099648363615	0.1368913265269187	0.19195322781920052	0.3001221375410349	0.9518517346724712	1.5675809850508078	0.25950345598729885	0.33125212455137154	0.5611282344355051	0.49937312927313127	0.42207556249955236	0.7497351707496079	0.31648225629839394	0.730721249208399	0.3542162844809588	0.19237664933172183	0.1651577807761341	0.3541961225565105	0.4028110306186872	0.4579150300776654	0.5811224167869462	0.5633153264508911	0.6657160814759773	0.8264661567256111	1.1432098920657374	0.4131727642827219	0.24522673390206814	0.09597208205651984	0.4015863396794706	0.4531126421733538	0.3509457642307328	0.35725320550316236	0.30575682359745016
PFN1	9.072927	12.242255	16.0996	18.804375	18.999588	22.93308	18.334324	21.54754	43.7527	8.877938	25.271326	10.991223	11.843329	25.922092	20.75867	9.240633	10.6716585	15.561045	12.352939	15.5036335	23.735111	6.490724	20.879827	11.017252	4.361192239512587	7.849918225988481	20.47676422733585	10.938664504615106	15.335889548216105	11.513613434401591	16.645670960353463	17.936886825052085	62.801873789274126	31.123344113428285	17.200585230663766	6.795359547403726	10.403291078860176	4.348596364289082	24.869864665527235	9.810365388281229	4.765019518677494	15.75690435946489	11.939225672334357	33.39208593505826	11.672813515035397	30.165334876229466	21.637336937937338	26.67631601754006	12.06313358816247	14.965432668214833	23.69385157049637	66.135899927709	17.638828380470912	28.657986368453905	6.054337888792841	7.411255071608722	15.295645209755083	18.7350755929538	28.088157498171835
PGAM5	0.06635858	0.026418157	0.46727112	0.08623696	0.031012546	0.85213387	0.0	0.0	0.07914089	0.09433353	0.059130486	0.06507211	0.027116265	0.04810901	0.050945614	0.310339	1.6687392	1.5839264	0.0	0.0	0.05162999	0.07795571	0.21344134	0.024385184	0.02666668902336185	0.0903498489701274	0.16167506451895922	0.026403416082534555	0.041163843443667	0.023139808989166843	0.0	0.0	0.07392652721166469	0.06507895765128953	0.13745931747866905	0.053482361302681074	0.14499319382792697	0.2822064008618811	0.03304217679144442	0.11229177723686302	0.10098465864720638	0.07499622723957572	0.03605403832850606	0.05773986226906659	0.09077178973191205	0.031917473517861054	0.042527011146461464	0.0449009342772202	0.0	0.0	0.0	0.059885283878871376	0.06058579953376975	0.032650683263749404	0.10235377845877161	0.058415572668615516	0.07528549571017626	0.041925332127636744	0.23911738134062055
PGD	0.24565654	0.24300437	0.33693805	0.45569453	0.2302661	1.5648451	0.4089411	1.0610851	0.34458968	0.7547826	0.39590275	0.23786819	0.18854888	0.50668764	1.107048	0.5431352	0.5455786	0.9255983	0.7539576	0.905177	0.21840847	0.59514457	0.55393225	0.17130856	0.15356625993164216	0.15479068759340175	0.5287067412798799	0.11684334271917997	0.4157587432000384	0.2525484082323547	0.8043960069893584	0.7730422093318059	0.4090736933763097	0.38264157509500246	0.28797718530427874	0.7773544299526023	1.669721903051876	0.6467664427357942	0.389524965222767	0.5552009375510588	0.20841559647347227	0.43740176164630923	0.17821614410325165	0.5560308627465934	0.38299559101698627	0.8088589628718963	0.9034580186218448	2.256800656289739	0.6773694654757952	0.8470106166377703	1.4708792064151293	0.23918484805466295	0.1998335463655903	0.3280050495298752	0.621222161794332	0.4474579494555978	0.20950436602000333	0.2927322693801259	1.107073005836885
PIAS1	0.34769195	0.33992252	0.29972243	0.3751273	0.4865415	0.45513153	0.38427463	0.70237976	0.4069263	0.31687957	0.6143797	0.40736586	0.23175812	0.5591467	0.5069351	0.13957757	0.36437333	0.61276084	0.38861632	0.53535527	0.45490843	0.23315534	0.35143936	0.4016119	0.2078309583162569	0.5629322198904574	0.4393250275781819	0.39839788030341533	0.39406778656451613	0.22149868643998719	0.5787886203768808	0.34022945141325617	0.4616666233997761	0.31144653000617	0.4506330248198481	0.1801896415083319	0.2185676448454605	0.3100931902824364	0.3768890511244469	0.5770896342878654	0.5712028070577773	0.4030726538503572	0.3472148962491557	0.45699068273296783	0.5382760099817921	0.5580056611171015	0.512669842000961	0.6627376571674535	0.6936387651522413	0.44340430891357535	0.4197787741176405	0.4765255791800363	0.3687963696965814	0.6977798440983198	0.22292803065562997	0.28472486264086616	0.4134756357574008	0.3856029482089619	0.4669058158295228
PIGH	0.1907931	0.20906226	0.18553615	0.10292848	0.12569025	0.1775134	0.061766714	0.1981176	0.19949123	0.7100276	0.0988813	0.12680764	0.11618293	0.06915242	0.11242351	0.04570791	0.22355123	0.11517137	0.14026386	0.15691914	0.16982101	0.25462475	0.17880371	0.011586198	0.1161744126229027	0.1791218424860986	0.3320978798358365	0.16854199476067208	0.2393359646117743	0.1698149234204059	0.1337777223794459	0.1436553198441578	0.22735976681151934	0.18267616320065225	0.10954406519269105	0.23157732070075715	0.26006029728411156	0.09572913364823815	0.09274347055331245	0.1029225816833352	0.10680895077548759	0.21235397186927185	0.11764739870736338	0.1215202686009692	0.07309044434572051	0.11910668309711385	0.09761056847809765	0.10557562369624582	0.16386148913993298	0.1454159640228452	0.1652746858688192	0.12413914482314867	0.1518139047857303	0.30675944901956753	0.2410948213298166	0.3518920019001456	0.14563723897261666	0.1564002104970804	0.08667083850323586
PIK3IP1	0.35597795	0.20767343	0.18219778	0.23114556	0.11764634	0.30727172	0.34691137	0.46635565	0.8042768	0.07139303	0.16711341	0.24881129	0.7127223	0.2687167	0.1151372	0.10806283	0.7877195	0.5475148	0.5998766	0.6759605	1.407464	0.072521314	0.33197036	0.0028740705	0.14735420165772312	0.7353243947145418	0.3250933581927336	0.22589604993258158	0.2139543610953765	0.2356025259000598	0.7425338353925578	0.331245180738676	0.7863377341394585	0.5708445417526403	1.7067516357099812	0.07092610969969054	0.029552169697277544	0.1104548121908028	0.16666069104853515	0.2660695498546597	0.2812471523632361	0.26197392058053015	0.22279523684953217	0.33004401160002594	0.470519830468627	0.17788968643634184	0.08849372188827317	0.29793633097351135	0.9049330596802079	0.503606232177401	0.26143335593682265	1.9009779174606523	1.3822906216836002	1.2857068819163224	0.10750009465174795	0.048542573713972546	0.6825073399761467	0.1934764555775372	0.03774840378846746
PKNOX1	0.08219061	0.16457474	0.0630691	0.1548268	0.57539606	0.1943513	0.034370247	0.11641091	0.25086555	0.06832127	0.18900669	0.16140369	0.10460496	0.0855671	0.24130233	0.09368046	0.05276124	0.10498919	0.08975621	0.1015393	0.13842063	0.07298191	0.12815464	0.010315677	0.07799585403993688	0.14791706882573236	0.05785754003482239	0.14870151272974483	0.13101255176430696	0.17846894533584998	0.11037699855043002	0.10256498883536211	0.21939704868302412	0.19501829520771222	0.3710698695852326	0.11972853888429204	0.1012914492113192	0.0982689219742573	0.14536455228001705	0.31177471541956914	0.235483853256782	0.13906087858912697	0.12861391850320708	0.09696252405595134	0.11861737442322175	0.12917326192373063	0.1445943847630751	0.08277300239048421	0.12068047116000163	0.09880793016971645	0.1042136949557732	0.10040436503175018	0.15170285181583645	0.11788883033990623	0.08045935062478307	0.07625111898132744	0.2039542803903458	0.07877621317668657	0.1283385818431783
PLAC9	0.008923095	6.0772915	0.0013259528	3.6223514	0.63705343	0.08672495	0.017123854	0.014806375	0.026155626	0.04002955	0.00966105	0.5178113	0.0	0.0109751625	0.07073544	0.017356522	0.04889485	0.043993905	0.020597065	0.015761074	0.018512942	0.049308382	0.5433883	0.11735394	0.008934897177195566	0.013612710529091484	0.0	6.871241987704674	8.333178589032405	4.771731524351587	0.014297980609722755	0.031915180552171005	0.009720822327941489	0.06629110852794318	0.007309424138702123	0.0988026412358256	0.005261944891419179	0.1085216862814767	0.020368317593497533	0.004500120168132061	0.24811083344230547	0.8334890614357247	0.6457877015291286	0.007516996206811028	0.051791124050712754	0.002346313982454252	0.04144967820333634	0.02877783674731033	0.011385106958243161	0.031204557634028088	0.007741150560198701	0.0	0.027688251398926004	0.0010720467858870725	0.0879579751958045	0.013544017226882	0.8557531041116518	0.43300569780714643	0.0
PLD3	0.36728072	1.1146321	0.37434196	0.92103106	0.8052849	4.6456103	5.1195207	5.7166343	0.34359533	0.5153001	0.85340756	0.9572928	0.4097194	1.1029654	0.7802311	0.2034936	6.1785364	7.3258257	6.843164	8.016512	0.50161445	0.79569346	0.6557771	0.06134808	0.48905223645462664	0.20181590034489166	0.5487427893390547	0.9082097131917594	1.434414291397106	1.456062065708519	7.831275019850664	4.2154923477591275	0.26152899369213456	0.506881326291876	0.3845777303383033	0.4849486765025148	0.8218495711339009	0.5357445961148868	0.5758485858204154	0.6075693610769017	0.8141084576696781	1.1659770531248677	0.985692005502286	0.646345302379835	0.7795042561556511	1.259970688480308	0.8670753128777294	1.1180906022011836	9.18149472439029	6.886135075563507	6.443511959984109	0.8052749373696068	0.4546461264348141	0.473415570690858	0.6756704241846161	1.0115945909116324	0.5432755753910965	0.7031499624019428	0.3628182421212673
PLEKHB2	0.3632466	0.44925508	0.22374989	0.46379995	0.6973671	1.150398	0.65191567	1.3208025	0.5280303	0.24521787	0.7624113	0.6266066	0.4807588	0.7041918	1.1055938	0.096289136	0.78860736	1.1699541	0.8327817	1.156797	0.5049447	0.24071984	0.68309313	0.64273	0.21843470732728054	0.40829039530805133	0.2707955860869884	0.4085040033112766	0.4315422124652472	0.3689758520949348	1.2004392436437183	1.1020048960384456	0.4151546713286804	0.5053396980124555	0.6459334351115376	0.24608472905568135	0.46435490354776787	0.3248937268562505	0.7524732946873816	1.18119480806199	1.3173368972704163	0.457763489676558	0.4775101699925104	0.6971663790701808	0.9420185914496835	0.8128510958654647	1.1193840814148406	0.8661832334616922	1.144518657373625	1.0253329041548054	1.3775884011928357	0.4284269072792747	0.5385062528974	0.40642259322273344	0.29760607799915956	0.14635157077119854	0.6331526160143597	0.7020791036042463	0.6193687366735005
PLN	0.0032352228	1.1904346	0.0013584408	0.6893439	0.07700055	0.007870005	0.0	0.002396618	0.0059108436	0.013437542	0.004917436	0.010217282	0.004282307	0.00296058	0.0019551963	0.0042427513	0.00779224	0.005195262	0.0009171242	0.00515472	0.016147733	0.015677284	0.14326878	0.008935081	0.0034321980022118197	0.008581345866485294	0.0	2.559647566709908	0.7615537830488256	0.8105714585342897	0.0	0.05306676296383217	0.005585940019692512	0.011812597525296049	0.0016721423183168685	0.009000188382218144	0.06647986816740352	0.01722207920891898	0.007101303438569974	0.012252648771900672	0.0019496730916225711	0.006315589032501019	0.015498294257263092	0.005774752395909007	0.006144454288284324	0.0030813526936329396	0.0013539457752693833	0.007393199683241703	0.003627304060837567	0.010868852086253563	0.0004913044552226881	0.06810094969613212	0.01638234929086629	0.0018815611643378516	0.02582233701195552	0.0	0.19576526766626764	0.1895191393787779	0.0
PLOD1	0.1519068	0.79734224	0.16839817	1.4425813	0.818749	0.5137571	0.45041904	0.42324954	0.097182795	0.3163845	0.08074855	0.83298355	0.023898749	0.13184422	0.2048896	0.086154476	0.08753108	0.35172424	0.26075396	0.32173324	0.09913633	0.45616156	0.2852348	0.24923645	0.18312484786235256	0.01695653180645703	0.1598603759411444	0.4361926514055471	1.035675600508137	1.1364530936649353	0.5001739256306558	0.3796039521137511	0.0569899920411584	0.23634147912499737	0.04283299256157089	0.5273521710162149	0.9168182277171111	0.21211396555595208	0.1111130848026543	0.15420982630708427	0.49942197451460874	0.9890625645784777	0.6574360988619342	0.20486239810689716	0.12814672556511073	0.15563474766259314	0.19141528822161796	0.1856360612520645	0.3173921071973054	0.26737248883430115	0.4084135943718647	0.03537810870579311	0.1268537550363312	0.02333960937420862	0.4949638507778559	0.3589844533258724	0.19370632397253565	0.27388193632080426	0.10067369510721513
PLPP5	0.90182036	0.20386116	1.8055909	0.21350493	0.31947875	0.19193116	0.110820726	0.2879944	0.25148466	0.3096214	0.21876334	0.20402794	0.1616376	0.44374016	0.12015975	0.7076338	0.063121065	0.1218423	0.12358372	0.1826464	0.30452505	0.31792724	0.2208924	0.057835445	0.8392111282761651	0.6209184579617791	1.4327322512519016	0.15378385595668573	0.1966927108141726	0.2747442048967073	0.22100429413668496	0.21917440333242263	0.25070756990975396	0.2580034209031066	0.16598834236403018	0.34980639404169417	0.2453627928430362	0.42419728809976814	0.1942440450165291	0.17007880338990164	0.19970523392276623	0.23594992374685864	0.21469418595708908	0.20701694466076043	0.16393739700284352	0.19488244574312913	0.15027923425312797	0.12001162781613348	0.1705935224496254	0.1438021386022984	0.2351970839545294	0.4822840009416852	0.2767944911715924	0.23218241525334324	0.35750266491331933	0.2323229732839644	0.25655505838804077	0.28226666311528203	0.10794431595642594
PLTP	0.072255775	0.9549008	0.06632048	0.5620712	0.2645628	4.8173532	1.6550663	1.4935863	0.044786133	0.07736708	0.33630344	0.31320035	0.028657071	0.2002261	0.26786187	0.042629335	2.0275981	1.9830261	1.7380698	2.089319	0.061092727	0.11859868	0.25483268	0.051567085	0.135230127837828	0.04244601704272839	0.07570280040904838	0.7379636260688398	1.5084068525803673	0.8481648455571908	1.5867170855425607	1.657237918485204	0.03884082091048632	0.08679294785313303	0.027497329348338095	0.030130797559247902	0.3619290062870426	0.05654652491578915	0.18541672066294557	0.10503171966326681	0.11643094527671267	0.4670499742415807	0.27540406177547905	0.0645257107830625	0.1580865686524925	0.5691539728412842	0.21071143049992572	0.021279000873584794	1.8006527753557253	2.240710424079742	3.0140813323039235	0.021501677376883372	0.07767917816056555	0.014841470464286303	0.08998919158820906	0.19773682293213396	0.27154514388818657	0.22212077424454182	0.01916972196112456
PNPO	0.052947484	0.03701411	0.050055537	0.024337402	0.09667974	0.21062878	0.13168737	0.19224378	0.084572315	0.205464	0.097235866	0.11440216	0.13661554	0.05867542	0.09919293	0.013256965	0.5090048	0.15864006	0.1274548	0.16795644	0.09590338	0.20234296	0.08193385	0.11464906	0.025984839062831423	0.03792926892109284	0.08983278452281808	0.03199859978945243	0.034263661267595995	0.031710514841753655	0.2833539047693445	0.13447701943416537	0.10512376009217592	0.07108019467050959	0.06919939966934585	0.2117407874350775	0.1909983267623557	0.3765823202180158	0.056203879404515225	0.1155761453201889	0.1915488052594806	0.1644139576089509	0.04624402174972744	0.0457689620278586	0.08151284589974284	0.12823860362737177	0.12261228540350419	0.060894448353974374	0.19741316529787573	0.11623833108262552	0.15505231037765238	0.06683070319039482	0.0798747061827841	0.09596173703187795	0.22167532639311427	0.17421117739200895	0.07282442287889256	0.09983973545383101	0.12498809656980761
PON1	0.10982552	0.12905541	0.08051039	0.05799207	0.042464428	0.21668413	0.19582213	0.090611696	0.16761065	1.0878079	0.08580039	0.11743422	0.4309446	0.10315958	0.084251985	0.02985467	0.1029329	0.123322204	0.10580907	0.10011359	0.20772043	2.2462099	0.46629658	0.19964862	0.21403581214964387	0.07002356940841031	0.006157059390265662	0.10323998480509851	0.014240034474622484	0.11288130514597577	0.1447734788305583	0.15397663424031124	0.10561587192189666	0.38905691967772355	0.0	1.540924430230227	0.49391480300167556	0.4416203491793478	0.16810971575711695	0.007718860310563038	0.03040850393454135	0.005203457578780159	0.08528118439625426	0.11933058231876931	0.0515832041546526	0.01487074933537934	0.02698326097341448	0.0871093512461171	0.12107359554762906	0.11666750081645001	0.04112128701180531	0.01472147021974836	0.2226603552869278	0.004477880092881665	2.0500484085117816	2.745780712940852	0.11659792909016246	0.8811780144156102	0.0
POSTN	0.0045107063	3.42686	0.0017432624	1.8235502	0.058254503	0.0026158416	0.0071648	0.008040569	0.00479223	0.006366761	0.007998348	0.29409742	0.0	0.0030894307	0.0007712992	0.01646743	0.0009727929	0.0013564666	0.00693655	0.007847423	0.008910777	0.019724796	0.51442635	0.0	0.012951277422306859	0.0024277504544893466	0.0	0.9195500398719642	0.9480057606507569	5.0654335292928625	0.0	0.05184859901597658	0.0	0.005042029547535547	0.027042269706726078	0.019005619186882258	0.013168465507891521	0.0	0.020936117906652	0.011427628500641048	0.2263505742296433	0.12390356299756068	0.17671413151424795	0.0	0.01781860412256659	0.0	0.00055197693052746	0.0043302638621269905	0.0011680638890215719	0.005189103503088523	0.028743698967140557	0.0	0.01290781486719711	0.0004825390616724316	0.04646502573896512	0.0	0.643368559734539	0.030148401917919603	0.0
PPA2	0.349184	0.49085236	0.3245294	0.633059	0.39744133	0.51945436	0.57263994	0.6689457	0.4418791	0.65109193	0.34258986	0.39895684	0.40484336	1.0275341	0.46203876	0.24337989	0.7122068	0.46944818	0.4254015	0.4646898	0.41172585	0.6840259	0.6262271	0.37816644	0.2607871308061766	0.20429629315995826	0.4420482833720778	0.6345369014328693	0.4902149913879468	0.5257585914780333	0.5321901324653138	0.47560286746847896	0.4914000371348693	0.4293865872080482	0.16428278309850605	0.7870450603267842	0.49566692383170424	0.33572102931919945	0.5846698305118868	0.24792810716683367	0.2589325871903625	0.25519831006127597	0.4984598383024303	0.8741012915476866	0.4322593947925437	0.6417105443727729	0.39151265891997317	0.6854725695184528	0.4724371124009618	0.4314116014953024	0.4017240048639471	0.7503997641724426	0.3230112692630102	0.32490664795268964	0.5424125882360832	0.9399472057101175	0.26486539220529476	0.594026507869449	0.6847870825801817
PPID	0.23596868	0.25832632	0.27841428	0.27818727	0.24951392	0.36072153	0.2431535	0.3370052	0.45402804	0.36142898	0.43170023	0.2555599	0.45625487	0.2873588	0.31118566	0.12605086	0.30597574	0.24775398	0.3064334	0.28105062	0.4164105	0.280979	1.2899104	0.10371482	0.1582826913612617	0.24857316552124176	0.24708460077338665	0.2907076964247169	0.2686112274568005	0.24985218396236375	0.4699391406626739	0.2938958383337294	0.5125435470081521	0.4765176230977482	0.6721898999576332	0.29944770943763643	0.517699563782751	0.3988438884612962	0.40747172525868264	0.45861347528758256	0.3469529357219308	0.20696364783812085	0.24106941141557758	0.38658328526792435	0.3241453788784875	0.2716631581094191	0.2554319935942214	0.38058008177245845	0.3038952681207157	0.2237498099732895	0.3335811332699729	0.5765430958240062	0.4054684048440226	0.3721483155063059	0.27314876799434173	0.3559424984989203	0.3336826408171054	0.28848622248133765	3.2189815177912764
PPM1F	0.05370317	0.1346659	0.014659372	0.15118153	1.3087889	0.1904872	0.14493185	0.11057321	0.059047442	0.034783375	0.1579016	0.8253858	0.0	0.13131353	0.37324294	0.024089007	0.05109864	0.11473049	0.154133	0.14462277	0.07695669	0.057417065	0.14079292	0.048853144	0.05032869177746738	0.09424660459444839	0.03912309038145801	0.17425708348593047	0.11433322823690197	0.09073777422663533	0.15519286650061653	0.09430583960347642	0.0647922872249851	0.0883381304382541	0.050363662016423054	0.07272124007151787	0.061945933424690285	0.07821505645225788	0.1407183239312986	0.25454384121306484	0.7897503907700314	0.9168321543629581	0.7557811978872978	0.10114378379258146	0.11419637814034078	0.22783182684176828	0.3130761160003974	0.18445751545967767	0.16007083916838707	0.1208073848392716	0.14504874061678777	0.1653292287479747	0.06977105944449198	0.04443621590496832	0.07915318412534166	0.055601475674379584	0.20248210463546595	0.10430179907176601	0.20581394773269618
PPP1CA	1.5305165	1.4036411	2.6144853	2.0071428	1.9504805	2.3167834	2.232738	2.4358335	4.083541	1.502226	1.4275776	1.1630667	1.8363342	1.6591685	2.0717037	0.5937968	1.4354995	1.8443388	1.2826015	1.7501866	2.2172408	1.2331932	1.6680094	2.0638995	0.9045846754386893	1.3147781370131086	3.5512011929682203	1.2682109499723062	1.505551897896066	1.5208156643855055	1.809287636463978	2.2975090981615236	4.928449684282843	4.1741055785690815	1.9522568466110846	1.6090077116146233	2.251763942570063	1.1535556624088381	1.9207924811832504	1.1227194752714007	0.7484934635704812	1.3647338984286144	1.3303741486075926	2.1804954541420143	1.5434118375572736	2.346252133372375	2.5229021812832486	1.9297233903288673	1.3349826913670624	1.887431345368764	2.0868508171451783	4.025419889177595	1.8913848850590387	2.6777370830716087	1.2797521317874623	1.1485907474177641	1.4546352247214833	1.9813154125097865	1.4348471631961746
PPP1R14B	0.82589835	0.51054686	0.88145673	0.65307957	0.99136126	0.66027844	0.21410206	0.56957036	0.44918308	0.63589895	0.601626	0.58321726	0.25952998	0.3148079	0.19275922	0.848379	0.6087886	0.6040171	0.28899735	0.41483003	0.3584153	0.5726933	0.555987	8.724176	0.3941604981816179	0.954347716652984	0.9289405434737548	0.38848892529242635	0.31330631489180394	0.25345137411322816	0.7643648417602581	0.5591560641154713	0.5355423394912843	0.40757785075193403	0.7710376439046164	0.4464113943041137	1.3141182917693766	1.8980333920182852	0.41815998952826927	0.8087813634698073	0.9654446336068364	0.44340666877837176	0.4655810607715299	0.46115925595414037	0.3012123921277194	0.26452869393277606	0.3053245504668326	0.18417079947638	0.47800871819859725	0.32415859425217275	0.6049016860024906	0.8462654844506995	0.31958979790832165	0.2224966868683659	0.8175238982909669	0.3535349749341423	0.6414136508177659	0.45062976001602384	0.30442233576790506
PPP1R15A	4.8378687	3.3679135	2.4956121	2.6805103	3.0156426	3.0301845	10.854482	2.938387	4.171258	0.951512	5.3576818	4.282686	4.7812314	5.392598	3.4484627	9.643013	9.442157	3.1613193	9.008224	3.4363937	4.1507597	1.3815134	5.1822915	4.1493998	2.1761968943847636	4.051527722918145	2.972623805669649	4.4793296773268105	3.570255694328994	3.560513061775638	3.3864444803148612	3.1919335738297274	2.1692512714133914	2.417799733881577	7.868997019559677	0.807063521903256	1.1287870885103897	3.1828525919045134	3.010396505298269	10.406366484846044	7.968905445372616	2.9108829968600674	3.840643741264249	3.520122620368136	9.477886694602274	3.9298525377396265	4.020071832188152	3.6817740641445402	4.303929388062733	3.384004367108877	4.8765320082781445	2.677231627625304	5.241258557388915	1.6538525630231187	1.454083002263266	0.6199881111290205	6.680676281662923	2.477673758871495	8.746430639118374
PPP2R1B	0.08575442	0.12647884	0.09713307	0.10330811	0.24661872	0.16179669	0.088801	0.086036816	0.21256354	0.5312687	0.085854925	0.23836002	0.085974604	0.051332425	0.0832028	0.09147133	0.070745125	0.0923605	0.061185293	0.073334545	0.13749602	1.175511	0.39076596	0.027758332	0.10456121466716342	0.09960154421041253	0.06426247917236026	0.08074570442862543	0.12740896107160735	0.14527092890614063	0.12253619258696068	0.0734697002979302	0.21075043788479306	0.1819825732746749	0.1784614726327208	0.1996982436342479	0.23935069253768743	1.582074015950922	0.06165800299812797	0.09139985117516548	0.47134427820767183	0.19775895428282575	0.14863474416350259	0.07877754725928336	0.06522401093815273	0.08511193263169822	0.07781932217053793	0.04454112356124992	0.08716215167303575	0.07911739062682663	0.048687107361741755	0.14733046401630748	0.1433380583440153	0.09641172016686526	0.48439290520403533	0.24151527007961493	0.2003875324143224	0.19824116575182824	0.819397113105253
PRC1	0.09937076	0.042434666	0.54023474	1.0223726	1.6038756	0.58659256	0.37764224	0.5678774	1.0055698	0.9490992	0.12189057	0.028394604	0.010065256	0.09735751	0.0465639	0.013267525	0.036387414	0.066505894	0.01595605	0.022997651	0.047064923	0.026886564	0.2605326	0.0010004026	0.06348094302951278	0.04702005834059362	0.0156493851394401	0.03627294979015473	0.014314238714084918	0.030756732921935478	0.7807080136812058	0.52935463994236	0.5758895314412813	0.9273149102375728	1.8031410700328354	0.6916985533487682	0.4531142677834255	1.3519990657937937	0.06347137404682052	0.14919005668128157	0.05633056161732602	0.01682325664040052	0.03218188792003435	0.19331335167311386	0.0815948614794159	0.019984061590788766	0.03080718251485972	0.010472446554320773	0.02788539071507559	0.02432895783820243	0.013171609519666345	0.05886027874884667	0.055100452847726175	0.01147326883433685	0.04952859550766376	0.004299523729836005	0.06611467863352816	0.16927414700463578	0.5770815192014243
PRDM2	1.144479	0.22048591	0.9406135	0.24922043	0.2834112	0.16108987	0.1425643	0.2613618	0.5741466	0.2792396	0.50032353	0.3304575	0.2607219	0.22741967	0.24500243	0.6118469	0.064994335	0.21088167	0.1706214	0.2817588	0.6488756	0.16745532	0.50977135	0.66804373	0.4046720695934994	2.059150066476429	0.6845904663390686	0.18429019397926447	0.22387361727984278	0.21084864720134258	0.2950664769172611	0.19440887277104432	0.41481865040010796	0.38891784353310516	1.6939075647627282	0.07097195852966594	0.06965352402440532	0.3129525703749633	0.3501000823193521	0.6085566866194764	0.5395949994358084	0.44092882800934396	0.23239703242106982	0.19351377561164895	0.3381622856261367	0.30154965439579207	0.2974279596037356	0.35622060825258967	0.3365296073518616	0.17961892664878787	0.25035177592035995	0.4211600452274471	0.7589341750530727	0.3889068054175712	0.10763336105180095	0.12625210279208016	0.682489572980364	0.41717083970707075	0.43183655708931246
PRKACB	0.32374927	0.17449735	0.07986807	0.22731777	0.14282595	0.7511556	0.42113265	0.8061638	0.7289966	0.29427868	0.30521744	0.24174696	0.15559001	0.38784835	0.14669362	0.11169514	1.4065351	0.91999054	0.64345074	0.8694131	0.81422997	0.1785169	0.46569806	0.4270918	0.19862687399272197	0.5356213724939323	0.30117373112992646	0.1450958575026343	0.30032275994628077	0.13950525514762252	1.2453095264463199	0.3777419633076108	0.7142952066026013	0.43985871755858286	1.0817539547999802	0.11043962532248941	0.26545485078058456	0.09676645436310416	0.3163458373613599	0.5652339751227473	0.31476127052140096	0.1961208320183208	0.1593777577302232	0.45452650540600176	0.5981748829349396	0.32689415069036715	0.1497739398110439	0.25209629439494086	1.4047547485456708	0.49305104644182285	0.4480553931751955	1.0264544003969662	0.7846331048397132	0.8883043203139926	0.1232676350423966	0.32574075176072287	0.8299496635552481	0.2616488700162714	0.5770942322815844
PRKAR2A	0.22839952	0.36135137	0.21949989	0.28241974	0.86758006	0.45106745	0.2188541	0.31150198	0.34639275	0.35223716	0.2683523	0.56516117	0.035274267	0.2726313	0.21666272	0.056551643	0.11767974	0.38317037	0.23835602	0.3528894	0.34259158	0.4148181	0.42467827	0.10344988	0.17726113289776863	0.20321402409155662	0.29865671772328967	0.35341163916635593	0.4572729373380387	0.22332169035579033	0.39506758771620243	0.3371113977363129	0.3081302573748477	0.293300565700027	0.5331262979496936	0.3536867332772779	0.7687308273447433	0.7526525699446355	0.2579225619848852	0.37454884546058415	0.6281354716068287	0.7176725157387244	0.5830128217401725	0.17932910173581235	0.32925084145149475	0.41257716878242057	0.3627111560927051	0.21359573494299605	0.3653222611560851	0.33304725473650876	0.3772936768724523	0.06786623682294574	0.3854445483681824	0.35797375374813284	0.4144822673234908	0.40358781467355365	0.5022397526068283	0.2435315571158342	0.7731755532048735
PRKCD	0.17191945	0.09685121	0.19343156	0.07404448	0.06050436	0.44164103	0.39745837	0.51274157	0.08151011	0.06780742	0.41004458	0.030535053	0.066575296	0.38519803	0.38210675	0.4278076	0.40151143	0.34360373	0.29464883	0.38377893	0.11195244	0.07350895	0.156157	0.42568332	0.0819617000503616	0.18123476154903043	0.3384920002844347	0.0636971329464424	0.16055067023782782	0.036884104910121944	0.4672976070272919	0.18735311931294327	0.10288741155015187	0.10394068261302596	0.09660678913970717	0.05396896992644711	0.1953278328408679	0.027807761882913524	0.37493147046279235	0.39850888705476145	0.04222895479888163	0.050443253592454114	0.026650548745142378	0.7124996117106797	0.2804712353811202	0.5293990389490109	0.34406409670148885	0.8879024080394391	0.4321864146885329	0.2587054416762062	0.4700429362203892	0.19175728729793007	0.07240111133435158	0.09767365541183025	0.07222488377047519	0.07508738541930648	0.11080265119434062	0.11096211205083943	0.22940803143737762
PRMT9	0.64948404	0.15735938	0.2759933	0.35699287	0.079777926	0.4482715	0.11383991	0.40627307	0.4091062	0.036652744	0.753954	0.12589999	0.14206442	0.5592352	0.59545755	0.34934205	1.394157	0.5048216	1.0222903	0.55422646	0.48543668	0.061095644	0.39081424	9.842974	0.4966247711026032	0.7392221323401075	0.979057219763373	0.26254015686065013	0.12662814005063788	0.16675092637217137	0.26051484190986135	0.7584254915971543	0.15625570318627804	0.47275465189272364	0.5915025378743727	0.059840611371306786	0.0650730837797337	0.06201434564120664	0.7547778557936883	0.5369485577223982	0.1592916661073117	0.13218206092807475	0.1387835999957763	0.09727603908417252	0.9943025155905618	1.0052150741077392	0.6302077136079883	0.15867019037868474	0.4549622517331677	0.7246904991530723	0.66246453833779	0.07063728741237095	0.6283466636391447	0.2961041642249518	0.0784691548770421	0.03790894372059025	1.0303099266124578	0.23405985595139195	0.3255136703021623
PSAT1	0.07292605	0.024551556	0.15095335	0.031878557	0.019637153	0.051719587	0.07243055	0.035940416	0.18341962	0.9077708	0.008177028	0.08503779	0.084345475	0.3296945	0.03862908	0.10824898	0.015005485	0.01903062	0.01612505	0.023701783	0.1312572	0.32553405	0.32857412	0.0005613101	0.13042311213950594	0.03702653655325473	0.07254245942028	0.010786642330896865	0.028109110648830746	0.04388075085470442	0.036322638759800865	0.07192496603037521	0.19517842585527662	0.232090511446954	0.10239256408224114	0.632231741146224	0.558247907283753	0.7756409157673126	0.019243195386588655	0.0074999075534345335	0.16281205708947347	0.02265869467595786	0.0720233791306421	0.016459968651638332	0.005083728427007947	0.0006858398150738483	0.00045052298138946255	0.0022941546098089417	0.026752769484082627	0.026237359803703633	0.01798457571808088	0.1752761096149296	0.10491687869182284	0.08420175625199898	0.5130503647020794	0.21641127109916278	0.046824205135415714	0.22596728887462178	0.8601893547390338
PSMA2	0.8243927	1.3412523	1.1776047	1.4592781	1.4102094	1.4136086	1.1610402	1.4240801	1.6753842	1.3542866	1.1334141	1.2784408	1.5666792	2.7413325	1.0610945	0.49131602	0.6958039	1.1020874	0.7017144	0.95288146	1.1440384	1.2381014	1.6707528	1.5320672	1.0377087167328984	1.007009947227898	0.04372076254053508	1.7666341375744772	0.059226942350924815	2.1726569597904968	0.9511614483996369	1.6948877772221311	0.6471780154594006	2.9783520585867724	1.9714765960368204	3.17012410495421	1.0560200525383285	1.5136736169824458	1.1103327828268303	1.0926857186930832	1.2522967744043891	0.06352675752671177	1.755838530354642	0.41235097029978307	2.122207701680192	0.07420145543627124	1.2009943753531236	0.26200681514544	0.5923118382684307	1.3010480826862936	0.6964102131368342	0.36518096985755033	1.5801707568069823	0.026009415881398892	2.067593217020932	0.25523870399391085	1.2504242363779607	2.109133059032703	0.08671178337474032
PSMB9	2.2488077	1.2989722	2.7985673	1.6039109	2.975528	2.2880025	2.0586724	2.7004514	6.3366966	1.1686018	2.7396157	2.2993848	1.9513364	3.6315975	3.937141	1.6251466	1.1011119	1.6456087	1.6213936	1.6730316	3.442281	0.95637864	2.4949117	1.4843618	1.1601550251735935	2.596605682535038	3.660099338111276	0.8503477242074918	1.6364165059266957	1.2664672588917527	1.3657753271661335	3.6752161261183804	7.7164343756315175	6.288915693868172	3.1264084172583484	1.8860248373058475	1.1379252038469498	0.37478732992275593	3.157119022485824	1.6031388125200805	1.1386611155297366	2.7903222272754578	2.3919948503882074	3.3301868924224016	2.1816150804726098	3.3712667738112954	4.16006182614222	2.8183426632435036	1.1702897784155541	2.0545669519836554	2.172792970390176	4.688810447593788	3.313198948155808	3.822048045084766	0.9499508205868264	0.7372117246969543	2.4264597907155268	2.853590706758175	2.149468472878816
PSMC4	0.54028356	0.75552726	0.76505417	0.84830457	0.7660868	0.865732	0.73420155	1.0988134	1.0159665	0.789693	0.50444317	0.70389724	0.56689113	0.5404845	0.69093317	0.69926	0.8257921	0.6631044	0.6840831	0.7795267	0.7159098	0.8109311	1.0054344	0.636492	0.4646342058115381	0.44070534387510396	0.8943277926062349	0.8096373369443155	0.7713309706225702	0.8791667359688844	0.9593477260171247	1.2767296414550309	1.1228562826794928	1.083972963471909	0.7130407410764034	0.8876878897645524	1.3598785275434135	1.0885037196680831	0.6062387085306064	0.51272054818214	0.5675101329452833	0.5648709487393796	0.762390523863473	0.8576922804063384	0.5496642682061751	0.7279453989899581	0.7234894809200378	0.5796456007783298	0.6804248851546252	0.6883955531452893	0.7714247658568245	1.01728829965963	0.6890222922802972	0.6717197992586177	0.9664864932004812	0.8144659001160143	0.6314250025771747	0.863019394404991	1.2914287314459965
PTCRA	0.24506263	0.00025026256	0.00049644784	0.0	0.0063552046	0.07603694	0.004511477	0.031231675	0.0062613986	8.5663516e-05	0.0033623085	0.002587216	0.0	0.0029465784	0.017218627	0.04021361	0.022000592	0.03806073	0.020017255	0.048198238	0.0051378217	0.0017979803	0.013869794	2.609676	0.08661561719689985	0.08491800160551528	0.7311155372127712	0.0010381133057350337	0.0	0.0002795775442213453	0.033403867049216954	0.06633850274183278	0.011101243577801331	0.0020439219300508044	0.0038170970119206257	0.00041985054473823384	4.68839876499405e-05	0.0	0.009582275697169832	0.003935096668214781	0.0044139140905210305	0.0022818546697317837	0.0036041240569911247	0.007504330810355574	0.0045317215183681685	0.0012511272370601641	0.03146119200183787	0.004687250428875946	0.04419058632519173	0.05052654470317509	0.019470073848289755	0.029461155618940083	0.001706139883947104	0.00826932771342913	0.00483990911868928	0.0	0.0007063077378893018	0.03148943461584439	0.03390951669344338
PTGER4	0.26475242	0.060223192	0.39594388	0.13902126	0.10581471	0.41178197	4.279778	0.7169981	0.89557	0.05346651	0.701657	0.15136169	0.31975156	0.8734658	0.47524443	0.09413588	0.9414674	0.64115274	0.77793086	0.6677822	1.2721798	0.043800637	0.75604486	0.09030115	0.08742043977658495	0.3903770215451639	0.21866860878645134	0.09288063493047746	0.06124327289539977	0.0783975855951947	0.7506951062526881	0.47103550634089436	0.6396903337246636	0.8276877301964993	2.4683055629907673	0.04900278635551143	0.02943749983254379	0.17658777624515476	0.5751849040480099	1.291331063534605	0.17702183305815528	0.30851227787688545	0.08142572258467977	0.48387180316797945	1.4649149975523208	0.7966901512984921	0.5922173617960061	0.32917612938370533	0.8166626944728246	0.43588571942516235	0.8676985144714867	0.8129904065813337	1.403388891407609	0.95873321685588	0.058310798288350514	0.035780712593045765	1.3426021827382386	0.48682733908276604	1.3679630993258567
PTGIR	0.054503687	0.9270065	0.0	0.507463	0.03636304	0.08765835	0.039529923	0.032255955	0.019351933	0.001613965	0.19542508	0.0160853	0.0019734493	0.109522834	0.12944086	0.011562511	0.012391115	0.091816835	0.088499725	0.039083127	0.037820525	0.0059938943	0.12285371	0.0073119965	0.03898205834849049	0.066631495111856	0.004443401814313911	0.8961914820107246	1.2162315087103666	0.38597293680618955	0.025979053611626144	0.04574476155711422	0.02552222461644031	0.018534259390177266	0.028316966383971093	0.003772338570567536	0.0025610715471944905	0.0	0.1284011510558494	0.25252173510273596	0.009122593118285408	0.0350102258544752	0.01749527753217536	0.08236509691468588	0.1784316056448896	0.07923520219806533	0.2664503054405808	0.13764479891861003	0.03942005535480968	0.04985848612041202	0.034000366640323326	0.11497962134225027	0.03435236599230007	0.030215368994796453	0.010610251980467394	0.002254550900928261	0.08522480714164526	0.22167113375675698	0.01004394248679832
PTP4A3	0.24143808	2.731724	0.2584473	1.2975708	1.3147029	0.031799633	0.012905041	0.012003755	0.14103323	0.13949582	0.032258376	1.1976936	0.044783782	0.03173454	0.14853257	0.12911907	0.006053158	0.01625408	0.018491387	0.020961102	0.1656886	0.17570382	0.17422573	0.24767351	0.17682904814466324	0.07531852158180669	0.3087715608093934	4.890185963306722	2.7553673853186327	1.0887978791015038	0.005830048877933555	0.14885262759274143	0.15552085545212596	0.15592611720630828	0.09714779767280166	0.06575686844846346	0.6142410390040945	0.057394233434071094	0.06722491576882064	0.04691506337873535	0.7256318709086126	1.538881557151723	1.1725275870309737	0.006384534749029726	0.08537434033007979	0.06175674105338704	0.1380662750395474	0.06896570197928581	0.009651545879045412	0.04075404905869153	0.03019285524863599	0.28284781319754465	0.15564570435202105	0.14995351422680045	0.13313072161708114	0.3170786263328483	0.23484073767309963	0.2664014486888669	0.03845508434154369
PTPN2	0.5798425	0.45853058	0.46049118	0.25264725	0.3387112	0.51047194	0.39263058	0.5613969	0.7257217	0.2584866	0.9210825	0.22742984	0.3356458	0.97738594	0.79046774	1.8911631	0.3029014	0.49085537	0.5776932	0.4946545	0.8307661	0.4099751	0.63368547	0.51691335	0.3737211493827997	0.7208836120878626	0.7997569338257812	0.40939972315539896	0.45033502406979126	0.31156068695845246	0.5372789535448756	0.5117726338851847	0.7164723253304225	0.6009975091826846	0.766816756592689	0.18828161207353045	0.29172131968918996	0.26712707463156415	0.8733681900445508	0.8997789534621902	0.349421833781798	0.2479006670561553	0.22523742734155486	1.1363725422947426	0.8511086932836058	0.8913385827547622	0.7323234668051526	1.2677596289013984	0.5546349312159337	0.4152818227305287	0.587988833723789	1.3284997296023682	0.8080162618063819	0.6640895568845132	0.24240854778351928	0.3020230424218456	0.7972264943713686	0.8152725983381883	0.7942189907409821
PTPN4	0.11848042	0.05314399	0.05817995	0.14819296	0.1738979	0.052788902	0.0906294	0.042944264	0.35091582	0.050151087	0.05730937	0.28425738	0.011075017	0.055172592	0.046126973	0.04254063	0.15541393	0.036119245	0.056059055	0.04426814	0.6457901	0.09163493	0.2740446	0.048050582	0.10225392373985548	0.13657162922776248	0.2131827697528628	0.07918670729762073	0.0508073274976719	0.03898636195230052	0.06311625101387822	0.025036723680087542	0.27288837654924386	0.3269393824791618	0.5709324256578309	0.0551731947442306	0.0917395104724314	0.10454286577666334	0.09672925912441327	0.09117286461929933	0.3316254107430147	0.3450340036246219	0.2918098690831259	0.03931255507690894	0.04280488952987248	0.08874411450731891	0.03781009022274686	0.07018499479148349	0.06235596504980728	0.027603579646555156	0.052083343756747565	0.379056877284855	0.735447513684445	0.5311931170696412	0.09590191370941267	0.09050477797950483	0.7565374880456587	0.05454113517408406	0.20743890903535608
PTPRB	0.009877494	0.17257099	0.0133804325	0.2587081	1.5024308	0.0	0.011481421	0.026984602	0.016740447	0.015055031	0.04322192	3.2382967	0.009574417	0.012794277	0.018571468	0.006890757	0.017661374	0.006557667	0.0072234734	0.016393192	0.019791413	0.03262963	0.29970062	0.0	0.01191557137030487	0.013774054008133696	0.0	0.5763376555223374	0.02316126682604634	0.1365311958080177	0.11414095920296712	0.012263303119819479	0.01055421562534183	0.03932464320098301	0.0	0.06989418608392903	0.008043218575099827	0.028663915381055748	0.01079179617760235	0.010015505719583246	4.445139012069231	3.954954034812649	2.277906413512056	0.03426884703825907	0.027403273327663548	0.004216531273353436	0.01364113284614516	0.04454548564505115	0.01950531618903636	0.020153488330855646	0.001758683354582434	0.0	0.028638652461226807	0.001338382951626267	0.021073659571188764	0.016787534333193403	0.271121802057269	0.4145431078571288	0.0
PTPRS	0.16020638	0.47038874	0.05305312	0.108002864	0.023438562	0.04016652	0.0	0.007368096	0.011437163	0.021685228	0.0025301345	0.015145268	0.0	0.0042454647	0.003384569	0.016231885	0.0	0.0	0.0045642625	0.0042691096	0.0065481206	0.04092804	0.03381652	4.9565473	0.3900559200049226	0.04580979900182845	0.24318900007513256	0.44500596625335404	0.16718834537510271	0.2975607671786272	0.0	0.012446286401507163	0.012241693772040265	0.01756673633233353	0.0	0.03023748583720587	0.06126446162548308	0.0	0.007800262118668856	0.002352879564286113	0.0003854695685832103	0.036391037981247175	0.019666101501006526	0.0008393858554046278	0.012819082783199744	0.007764295517215754	0.0032265396766481768	0.0013672745932003616	0.0005849046418859815	0.003666555784172642	0.015490154156625708	0.0	0.005191006483645331	0.015847494695932947	0.0444816895930295	0.04060819202889692	0.04569980786049446	0.01261578192784933	0.0
PTS	0.21784481	0.45059785	0.2695145	0.9672759	0.47516787	0.30215186	0.47442475	0.22304067	0.35324314	0.3886841	0.12126591	0.46164393	0.051300153	0.16463079	0.20591205	0.11907969	0.31061742	0.20222428	0.16033968	0.20054777	0.21704419	0.4705108	0.2892789	0.2872731	0.17386817941002167	0.19350886742244153	0.1790764750041581	0.48935200676642093	0.46049727086267556	0.495320465678076	0.20283232962846268	0.256402254912568	0.26477635346718514	0.4222695471932461	0.22998583566870442	0.5403374506116081	0.5759924511188269	0.19399479245904633	0.1606045672491423	0.17146956502314203	0.3376766560632058	0.32402340930768375	0.4692160059217142	0.19750946911361517	0.2347548319841528	0.25460856624196015	0.18674438753328534	0.2002140133695812	0.16951185064198296	0.22894974983604713	0.1792885632813334	0.21206689840787418	0.24927652586186294	0.16361574388326033	0.6027332926716658	0.3634574710830739	0.31330386635342944	0.38264885283026157	0.11027144741315617
PVALB	0.0009778107	0.001994721	0.0010436183	0.00061131647	0.03300061	0.014359802	0.9311799	0.024588833	0.025114521	0.0024087008	0.0010790634	0.03852446	0.31453001	0.000396863	0.000783817	0.00012092542	0.0	0.020322647	0.015664015	0.011427842	0.023558713	0.004850076	0.015227328	0.0017456346	0.0027916903881571834	0.0006283691787571928	0.0	0.0068828731242571535	0.0013328897616555614	0.0010909325217990343	0.0514283928747422	0.011546200186270686	0.02536300717362507	0.031050294652700743	0.007681452024441498	0.002695504145618696	0.008212911102642814	0.0	0.0031529666539158296	0.0010442340529362543	0.004192374525140091	0.03382195420851851	0.08408907339422632	0.001984315093300004	0.0	0.0	0.0	0.0	0.0127062378294681	0.014331941327021216	0.01617705079027918	0.07647476877485003	0.025450533025413766	0.00258356363797764	0.005423810040175337	0.004812810744414953	0.07174154565542971	0.013288901159738914	0.0
QRSL1	0.37366742	0.08762445	0.21802704	0.039872356	0.04000618	0.15965359	0.02405438	0.12121318	0.17013004	0.11683116	0.15540618	0.11982408	0.013138098	0.13297504	0.114654526	0.21330759	0.03384909	0.1348464	0.05727272	0.112767294	0.13278954	0.114583865	0.24502024	0.2561516	0.11709425414410843	0.5119430948028338	0.34417766882366735	0.14926423304605216	0.07307412233433738	0.08356038745557236	0.16155004223766783	0.07485431147225985	0.16529961223236422	0.12562157601473192	0.17557890892324426	0.17820892035938293	0.10842898743513255	0.11364243024675716	0.1618293581977238	0.10926326042165065	0.09893785067433107	0.11097629026906086	0.08146324067810413	0.2446437767656612	0.1152126148092997	0.12048273745553811	0.07463541110320063	0.1571018392216844	0.13808335884255601	0.10174527944688475	0.09304639848193484	0.32091490448295296	0.1103539915497086	0.12832646748979673	0.1027201889844912	0.12123204856416193	0.11799314571010926	0.18457431949786726	0.3637866920914691
RAB30	0.4854589	0.093525864	0.3838328	0.23724818	0.10216437	0.04789152	0.028717548	0.031079393	0.12476573	0.14426784	0.2713109	0.12187944	0.049176607	0.06314031	0.017023839	0.9244371	0.0071288003	0.022325912	0.024059508	0.030619686	0.14788932	0.065462664	0.119964026	0.02129126	0.39799509912204223	0.5746255702060498	0.3716768282540615	0.07086059006060623	0.1488741331973521	0.05302520977045057	0.04480120941107032	0.039421102788645	0.13087510917900147	0.07343657771640451	0.3412586912503602	0.04445148024470106	0.09757573559407078	0.14431838883554993	0.09197511360310592	0.13956478895640279	0.23430517605756854	0.09893965710538971	0.08365012278031275	0.06587355917152307	0.04602798678832453	0.10763461523919386	0.018933087554204888	0.01402270549087921	0.044125115125301324	0.02594837158395294	0.027282699218560424	0.3049959684347177	0.1359222210413709	0.10915729095205842	0.046341528457846164	0.11846221656847938	0.177822912265502	0.20321080946688688	0.0
RAB32	0.071640305	0.5013938	0.07621004	0.70192885	0.47589418	1.6330347	1.4010595	1.8401257	0.11815195	0.36892712	0.9884903	0.33297586	1.269931	0.8128675	0.8139115	0.08477648	0.95391285	1.5847949	1.4518201	1.503158	0.08061747	0.3685575	0.33336353	0.009931814	0.0661703452404019	0.04879320529596006	0.0	0.25691030375688717	0.46073237042216647	0.49363462309199224	1.8887993187862446	0.9842302932590064	0.04351218815722301	0.2206633317751995	0.021098610810007343	0.6484643438469327	0.568424268811405	0.2348249465961174	1.519972649534477	0.7334144463919805	0.308729703509456	0.34899042359660465	0.33516973140234274	1.0610248736078094	1.071471972141571	1.0462716764866251	0.7622645060963114	1.1864600298568293	1.6192942206702825	1.2352776598066704	0.8985295012681505	0.12338101709043825	0.08942891270779471	0.023023395910630757	0.5304408454798688	0.20832234989903667	0.21193470035239725	0.7501533693303276	0.0025722843477095675
RAB8B	0.46938953	0.24990804	0.15715279	0.41817904	0.37038884	0.6164886	0.22878008	0.6550268	1.0105778	0.5636846	2.0262012	0.3350108	0.8021947	0.9209767	0.66960764	0.30680877	0.5154703	0.6001381	0.75246036	0.6294913	1.1569393	0.15917546	0.98663026	0.040775724	0.1403844056335792	1.0332704297965134	0.11293931327059849	0.2598570848282202	0.27966605011871426	0.2454976394964639	0.901257035185612	0.3965290722868714	1.0890765826757038	0.525467295456129	1.9544268957416784	0.12390821551578302	0.12471358074960376	0.4263028976365263	0.797554229808736	1.1345380160685066	0.6161389980459527	0.2549844494944635	0.3337005743995378	0.8393024727802612	0.6619601233965183	0.5935828755013166	0.48031287566139164	1.7255523643444985	0.835150401354089	0.47047842536305284	0.578779685111541	2.2477780304945907	1.151046796790804	0.5009733360451158	0.21041977892998487	0.1617242467400055	1.7530113811084136	0.6544945712078489	0.9434450436868189
RAD9A	0.4332623	0.19077314	0.17443359	0.054021288	0.18218946	0.16871783	0.07958028	0.25506994	0.29929215	0.10948831	0.09849378	0.23104268	0.12738289	0.10683584	0.17438065	0.0900305	0.10023311	0.16217706	0.13612801	0.12861413	0.20672524	0.186125	0.17708293	0.093063466	0.24372849634789925	0.18211154599366236	0.22831734730108563	0.10990613649979526	0.08825735732414061	0.13858552653509396	0.16558387086362653	0.16697582784272702	0.20334665560301637	0.287005672650938	0.23966163380025693	0.13793725183032446	0.146030867330848	0.20142153166785026	0.14314820040545095	0.1387233906167463	0.27795010384572394	0.23949696246176272	0.2279507713454288	0.12936467680040564	0.13309031063304985	0.21722655699388851	0.18856369501350118	0.06829830260535473	0.16249517074048758	0.11807408357153512	0.08538817001211446	0.3761493150289956	0.24085429161163013	0.09849089228755097	0.141156860534278	0.08169848921635621	0.2336750425778145	0.1986056515749242	0.39826617162208866
RARRES1	0.013349395	0.19710611	0.016776873	0.18679498	0.04413809	0.32990474	0.059643485	0.23848136	0.010209089	0.17416131	0.053478077	0.027879495	0.37927598	0.044254463	0.0029531014	0.0074677803	0.31721622	0.8948086	0.3515864	0.56268865	0.009669609	0.12762317	0.04622397	0.0	0.0035896254948124756	0.008198173203815206	0.0	0.1818231027905841	0.30811741380926716	0.10996899017151303	0.26218850384775216	0.29730608700639294	0.005796250547171396	0.028619069100127376	0.0	0.08399854427039165	0.05340211248733139	0.06910476226524766	0.008039880013780074	0.019283900166506048	0.015500106347859356	0.030768292522189874	0.02353116098021029	0.0053611881582834925	0.07234587630291504	0.034270298394377265	0.0018072330370181946	0.0017063101791325633	0.5652208282356443	0.4963459483966107	0.5066430737906443	0.0	0.012913184540809685	0.005462540688556106	0.053474578919590524	0.22957389772236023	0.08587245856331767	0.028841689015365768	0.015438222927760955
RASSF4	0.12986499	0.43827033	0.26388934	0.28491738	0.1267445	1.1921879	1.1713893	1.274928	0.086486444	0.19023433	2.221306	0.1385992	0.039983448	1.4087744	0.7556968	0.05467727	0.8240179	1.4924161	1.3689216	1.466987	0.12998655	0.4515141	0.3160889	0.008781343	0.09530968752987408	0.06019129002032932	0.006298848399896747	0.46387406167798884	0.4951818392174086	0.3059008377846989	1.1942753250198637	1.1643341157010543	0.037884354673090335	0.1189068348737025	0.2716937852583425	0.1933497591593471	0.2136095313712315	0.3691222900240292	1.1701538603324417	0.9905733963757435	0.1041522799279481	0.18672337045172757	0.13157952413991297	0.9668803326506374	0.9561714826890857	2.0274685987051	0.7774706646420125	0.9476387770010213	1.3986456161417606	1.0465105657269222	2.001007970328739	0.2189369415307974	0.15579558108592925	0.036494358174372854	0.3038751059342386	0.13063429037030258	0.2620977514819564	0.7173280002495377	0.0
RBL2	0.21391657	0.33375964	0.08096214	0.4043351	0.3905542	0.16370322	0.17962784	0.20306003	0.8525034	0.26370072	0.290117	0.39550123	0.85495394	0.29111156	0.37120482	0.34253025	0.24499689	0.23022334	0.21227697	0.25844505	1.3893234	0.25622517	0.55150205	0.17430112	0.10079022064995888	0.2982789478499009	0.4201972896102201	0.2385889047787303	0.5972080692109821	0.19415996334328817	0.34145985180623206	0.13714797328438913	1.2612745513196146	0.3656478261003324	0.5545552221394547	0.08635074665775734	0.14267897643711142	0.24151493070160812	0.26337223005289645	0.2954074710387997	0.41474712265151653	0.7369765622503471	0.31457124207550674	0.43419451254480884	0.26427424935624694	0.414003615005053	0.24365530768081314	0.6363991735395276	0.39443619941443486	0.15962803886904603	0.23039988077939777	0.9259760584150042	1.0415707591593126	1.7299837197778534	0.14283174335581708	0.3503897204434515	0.6757879545952747	0.27830120123783364	0.5374212925471339
RBM47	0.20255801	0.06836688	0.16990706	0.016813992	0.048601136	1.1112835	0.47149014	0.823243	0.061029106	0.2885247	0.56597036	0.06265817	0.0280773	0.48584348	0.75395197	0.270863	0.85498816	1.0862001	0.991474	1.1958781	0.06572123	0.3193175	0.21704313	0.726979	0.18499132400712034	0.15352542321931537	0.23887794650777483	0.007183352498480383	0.0388195051570448	0.04961887023137705	0.9920382318695465	0.7770163594747223	0.01901554427660078	0.11424343998539448	0.00877934839309485	0.37188267562087757	0.2889894819791364	0.7748193026763465	0.3213445540003177	1.038920793290277	0.07654724864492987	0.01563542087872823	0.037129428259601416	0.28607336256667276	0.7443367478247482	0.7454151948375398	0.7321672813392259	0.7312917650594947	1.3862757942158783	0.9381900709780119	1.1306787219200147	0.18372127034447408	0.06409531985322804	0.007414612649093708	0.4377813134246897	0.08580496364035374	0.30045990625333246	0.2591119045961739	0.0
RBP5	0.039148226	0.14450984	0.062561825	0.05271932	0.23792122	0.101589344	0.15892415	0.052517705	0.15694949	0.5588223	0.028695526	0.25164485	0.0	0.049625713	0.048856974	0.27389884	0.15792158	0.039320454	0.09422748	0.071743615	0.14644739	1.2884018	0.34837765	0.0	0.07195021403170054	0.0007965191115431434	0.0	0.13200057469225152	0.18683571199570437	0.1557551541077237	0.09048247921451989	0.04382073784021562	0.10456400075920956	0.15909100443512633	0.0	0.838501217273847	0.31113121671340865	0.06871626570894213	0.08629879132015628	0.0007131449624893186	0.06577092591773012	0.20765688869423934	0.24182661564934602	0.13563767314605685	0.010848489576038326	0.004462265230194554	0.008608056730823831	0.04788356274886836	0.1161940860743168	0.06906798226102827	0.013481373667057664	0.03773672240121024	0.20240857287229444	0.004313799982417973	1.0616359808132998	1.7232619088154695	0.10107498149329096	0.6988120895552218	0.023099222490864414
RBP7	0.036457628	0.6421438	0.01620348	0.61262995	5.733209	0.07147913	0.32868427	0.2677543	0.12444799	0.0861506	0.13608183	11.690395	0.029605126	0.17194244	0.70862037	0.037624992	0.3247764	0.36684746	0.3350031	0.47294116	0.12032793	0.08980942	0.885928	0.0	0.03186273840105654	0.029447981486311232	0.0	2.061007890330094	0.06164335594337444	0.9786322937169593	0.28230182564191453	0.1954973872410379	0.023140952535105272	0.24864908162303903	0.051868633216867	0.33598096965542645	0.021672110909310396	0.010141061885016305	0.07724702726905024	0.3850188965596574	9.502388351525637	11.704313608996808	15.018962176907573	0.11063172520855254	0.27799750719853555	0.06032935359908304	0.5126245181829663	2.2275037062436116	0.4939473349241983	0.6391163875202899	0.10136239698971906	0.01587301662990025	0.1618375536102277	0.0018358448811228766	0.12690200565339851	0.06554792582751219	1.7241417921312903	0.878690110032306	0.0
RCE1	0.11207649	0.15185213	0.116269745	0.14410752	0.07983228	0.08124177	0.046598747	0.1431784	0.123902656	0.064603195	0.057299867	0.10780308	0.11915025	0.40862665	0.09244439	0.011066198	0.017905578	0.062039413	0.051696032	0.10050289	0.132297	0.09781809	0.100722596	0.07232653	0.06412914337356387	0.12171875541585096	0.1814924058121349	0.10205189003074269	0.2338590647606594	0.07828152310307289	0.08296082240703528	0.11569952119457207	0.17481744767869273	0.10180688098170017	0.13763494930211995	0.10552054497615969	0.21455709408987036	0.09813697244146188	0.07331568584145173	0.0707791923177501	0.07484560742591025	0.1751322674947662	0.10375695604269816	0.13307197256222073	0.07169155914523592	0.13792858868794425	0.14513405779599592	0.11771975328730287	0.0822560508766336	0.10818058719100097	0.116786756411462	0.06632070827793765	0.11712378421641201	0.24948665453044097	0.07564438554694396	0.14784424919169237	0.12885342208054043	0.10470696351769058	0.26025976225741737
RERGL	0.0031951144	1.241964	0.013226161	0.122242235	0.015225055	0.0	0.0	0.0004362816	0.0070436397	0.019576024	0.0024413753	0.016152624	0.0	0.0019485662	0.006310525	0.004752951	0.0	0.0	0.0072212056	0.0021828436	0.0024942618	0.0245232	0.14310104	0.0	0.007189858956040314	0.00402362264537089	0.0	2.319939686220207	1.6473640095172857	0.2438057718842097	0.0013385913072726425	0.0	0.0017658393320766279	0.018923695585770006	0.0	0.04678481584844162	0.003101952127160058	0.15237548010689872	0.007271504797929849	0.0002982439515153332	9.860532979170482e-05	0.04690467585646092	0.010563745905941772	0.0	0.011691395926013218	0.0	0.0	0.004032310051254079	0.003684119683117859	0.003465187527927005	6.274975353135804e-05	0.0	0.004008062268144317	0.00027387977289334637	0.026985449303021214	0.030562963738012566	0.11915321815323698	0.22954981196626034	0.0
RETN	0.0041616666	0.10255992	0.03045173	0.0017307098	0.21479066	1.2289668	0.012113472	0.65410054	0.017896477	0.02068448	0.5757063	0.044799525	0.0	0.09901731	0.77252394	0.006776225	0.0	0.87444174	0.30913353	0.52348155	0.0067801103	0.009246665	0.019481206	0.0	0.005287065946098093	0.008694061792911476	0.0	0.00012396066567292713	0.3054414256926506	0.003845514006543403	0.09800650623472326	0.14363091746489418	0.010646391052053833	0.004929457476215561	0.006221143794911248	0.000617657418414482	0.0964698272206679	0.05767673459546319	0.17020939611173833	1.5696146848659183	0.05119477577111323	0.12619492577074096	0.006908124505559579	0.009659783973524001	0.04675726929875604	0.3066705171259606	0.8366781670281973	0.5248977749883904	0.03558205372510769	0.08009087524983864	2.6171260546851056	0.0	0.004476532428717972	0.018474088004389086	0.016265249236811427	0.0	0.03749040494940581	0.01705995722025963	0.0
REV3L	0.47078043	0.36597466	0.08425046	0.2284307	0.6281413	0.30270094	1.9630407	0.21786924	0.4456737	0.19607651	0.3936387	0.5233607	0.2574711	0.3381425	0.33592317	0.14367387	0.2736022	0.17178874	0.29035467	0.3165751	0.2867799	0.18402536	0.32233804	0.2649338	0.17730661773459286	0.47623588099985675	0.11568365933459117	0.49821182891693605	0.42418310015573124	0.29853973282548696	0.3492621571059983	0.14456686438669156	0.3309214149641846	0.2834675670082207	0.8716594498757779	0.1296785547582802	0.16460303472344498	0.21444510450504095	0.4471354572291463	0.7616736810936953	0.9281182577483	0.6924584156136674	0.36323969915601756	0.2550060109221604	0.5607793704309233	0.3820203192774645	0.35709894466573844	0.31965988695717584	0.33025070522741995	0.2484093641742387	0.2929901630613402	0.278587456183	0.31061567320798994	0.24261074953335005	0.14660221451095862	0.12931763680901756	0.4156451635816489	0.23347534595993036	0.3247447566996299
RGP1	0.19499817	0.15973292	0.19103819	0.034527887	0.5140436	0.14393884	0.05043664	0.0724386	0.089076534	0.081978	0.07039073	0.19399853	0.01278927	0.09817811	0.069181606	0.027172308	0.05941264	0.12667222	0.023450304	0.06741677	0.10542232	0.098563015	0.10134776	0.2099846	0.1361909258625731	0.1322244076190669	0.13281975013189404	0.051393109800704946	0.190668972014355	0.05356362439400805	0.04688337758585163	0.05162857743850163	0.09756994061631072	0.10734970805234655	0.16698406572712735	0.09543591323361011	0.11015558938853864	0.08639000410516862	0.03215084832223426	0.07200691123330186	0.1583406234766992	0.36780231579255174	0.15433752021461258	0.03255119116376551	0.06054818691381976	0.08169674084650191	0.046782785467671596	0.04591247839727203	0.04415171374916762	0.04462361367146854	0.049376754465510334	0.02620107276099069	0.10959404222081368	0.15930991894479954	0.09621839676691565	0.08721260752335941	0.12486282695623299	0.04586488945914804	0.1165071107340022
RGS13	0.06983319	0.002056613	0.07708542	0.0	0.0051146387	0.0076999264	0.0	0.05275358	0.1450295	0.021577144	0.044322375	0.0008665765	4.863958	0.015902668	0.025033422	0.009086522	0.007521783	0.015041476	0.028817821	0.021432767	0.06604757	0.030510211	0.02458212	0.78724986	0.1058982136824277	0.07132169228232373	0.04065341700812227	0.0008059643587004459	0.005086459499549374	0.0007261791349301461	0.01394387513846557	0.01520720176557941	0.16589007814360315	0.11531899042782508	0.07656469867669526	0.020042539485807552	0.040521462490961994	0.0	0.02729008332565335	0.04342539476388886	0.0014522161347742461	0.0008767721419398849	0.0010085828837977128	0.0061987721292400075	0.0465613067894006	0.023660026412722773	0.027523212248761274	0.00460728420608345	0.01735111941301819	0.024076447557672735	0.02973885999669974	0.21129142216273716	0.06063688413974604	0.007958234829581147	0.042709386321961286	0.018750314863901288	0.012726372571561511	0.06775474444590147	0.03454840137583999
RGS19	0.5980838	0.16382192	0.28545365	0.0958049	0.18686415	0.9586879	0.4374582	0.7641458	0.5806855	0.07302685	0.8106411	0.19861509	0.16464873	1.6729811	1.1020249	0.16578424	0.6747751	0.8877692	0.7265665	0.8630042	0.48865524	0.07054987	0.3612644	0.3076073	0.21260965410976101	0.7675005942093943	0.9039165543852331	0.17703325169717332	0.19852793181420578	0.17055114572902907	0.668963977492067	0.8389325179849467	0.670492060486517	0.4523750883372985	0.36415813085542026	0.1163526203380474	0.12174626238502302	0.03992892033948099	1.1057103849450658	0.719863366631941	0.1471365026406051	0.3194843298696332	0.16837464844061642	0.7615725839925491	0.7051825280925607	1.3915961374981625	1.2318299471152536	1.1112027673911518	0.6949859901265247	0.7842424030219923	0.9480039733388197	0.41779520418736843	0.44926279849942025	0.6966531773869119	0.0686048785400153	0.05949513744967289	0.4395066233787437	0.41130745870990937	0.31339682726965534
RGS2	4.519332	0.6976611	2.5965078	0.42194495	0.43410993	4.509513	8.324407	4.083068	2.8453288	0.43770757	6.9664664	0.4059757	24.909176	8.376297	9.7851515	6.906854	8.105084	5.0791497	10.032746	5.482086	3.6938393	0.6160619	3.0323813	17.822418	3.1103850529513624	3.856172916053243	4.944978130533439	0.7338282109627665	0.393576308721645	1.0153826708171705	5.7124498621130435	4.926355882797742	2.1779443003657364	3.07899216480858	4.056217385186976	0.2948719212250454	0.49599243631420564	1.196556447409644	5.79665827999797	8.80560622212052	0.8598760155364688	0.20317240725462052	0.3550430540629471	12.006748682229441	10.796891241654826	5.355599686115111	6.724350127920981	19.100521087604577	7.5696272138460445	4.400205741370361	4.866302863570377	4.2367250219568025	3.6743383510091725	0.7392494490880722	0.7489664484897972	0.549814567276733	4.565183823945742	4.849262541206493	0.03792926847578661
RHOB	1.181659	4.9064083	0.523759	3.9182577	5.6657143	2.9355462	10.383342	2.8484387	0.9023286	3.1573544	1.9989477	6.4991417	0.4847469	3.0170498	2.6291966	0.8433751	5.3981247	3.3941765	6.0792665	3.2503364	0.8955736	3.3139987	1.3999431	0.06416127	1.1124613703378938	1.132169331390083	0.7874191273807845	4.025598376467686	7.067098208774289	5.551915476490955	3.7064345958869556	3.087544548331367	0.4206052931478231	1.4718618682661093	1.0355640720415318	3.7973541799207657	1.708044100892085	2.4933728467067473	1.5456047712947552	4.584366400300829	7.51706481255089	6.881628844551429	6.235183063137104	2.0101411981545945	4.15661891098153	3.0794382544295837	2.3731037102487935	4.8355384761481846	4.131469733785749	3.179786797846153	3.0474497442970407	0.4711834009591635	1.1126455496875294	0.3475096387785113	2.8606464880621245	3.7823993377212894	2.011053559575589	1.379859747111894	0.05172465252619917
RIC3	0.33018425	0.01006692	0.09166353	0.0064764167	0.0071373307	0.018430673	0.0031921957	0.024502672	0.06228747	0.04809181	0.0044349204	0.0064813565	0.09084785	0.019443456	0.0014664338	0.072495535	0.0	0.011464256	0.014449293	0.010019301	0.12069553	0.047580745	0.02649934	0.0021313853	0.16618049411719582	0.5748098424034901	0.33626454845099024	0.01460484491223892	0.015848491420347364	0.009670362151479088	0.008139108049661703	0.012344515820631716	0.08821917733941495	0.07269305416718198	0.07278919758265431	0.01867508233235581	0.026480870688233047	0.031266610963003975	0.010206059812009016	0.007520987568361733	0.0013253147351818245	0.008015939770166914	0.013091143677928355	0.00964727205627506	0.01197933563346539	0.06138478979391025	0.003182797345561177	0.0	0.014802558067401049	0.007517893158676567	0.006329028161676914	0.019278967380523683	0.11657915215853612	0.2168447100118783	0.028452946880202674	0.012106033016356803	0.025937494553205643	0.04091822014711463	0.0704170093513589
RIOK3	0.50704145	0.35818538	0.71319234	0.2161522	0.6022049	0.48209605	0.8473322	0.6054152	0.54669577	0.23715682	0.6451776	0.49949357	0.33611083	0.48739037	0.6721961	0.45543247	1.2835968	0.5273194	0.40272623	0.53720146	0.54364204	0.43971092	0.6115562	0.056143872	0.2077673987868205	0.5512042971414979	0.6534105272051676	0.2708511388159161	0.4436631402821286	0.3151106847074089	0.7225215972120529	0.310678444371739	0.6399554705097971	0.3604138636462751	0.7449362072462687	0.2690811374577318	0.48779503204092406	0.4673588217185636	0.43411784823563515	1.1424526782931987	0.7287122627886373	0.5870814358995304	0.40413223068374277	0.7624367242180009	0.5151376532963496	0.49956943550536487	0.6497909743643658	1.2642460537874856	0.6492429062122232	0.3750102497126801	0.6174843812341696	1.0419218323447488	0.5128634180353675	0.4670416786476662	0.4052970729957152	0.5595316335491445	0.6121904692238374	0.5134732062282037	0.5130266991065516
RMDN1	0.24459435	0.28530976	0.35681736	0.37305543	0.21977334	0.42435637	0.29332265	0.34775713	0.3604533	1.1594212	0.20309614	0.26575086	0.05217004	0.45698333	0.2631483	0.43973243	0.2078141	0.21742067	0.21502712	0.28573376	0.23655829	0.56856227	0.27481487	0.29467368	0.21156318911997826	0.25994262514485	0.27867305721593527	0.16643104437990366	0.23925800905403402	0.20149489114665492	0.4061918743610325	0.3325202188474867	0.43354265412978626	0.3010542783793633	0.2693494148787898	0.48714106038468963	0.6020654215180067	0.5332059319970643	0.22733446519115158	0.25193230673759304	0.23874965082912006	0.38745146173012995	0.2580066997909662	0.33808676082981687	0.21452446676287348	0.3014846824371484	0.27110502471953896	0.4292241906370478	0.2959804167396494	0.22579589213830595	0.26260290389459023	0.3055974703330498	0.2334379995810112	0.24364591008552267	0.3559908356171742	0.9281789034866242	0.23748544975454955	0.3328162542576441	0.27127291478730786
RMI2	0.079745345	0.021022445	0.77266586	0.11074948	0.10906892	0.10008846	0.25815254	0.10465266	0.3641531	0.09311832	0.014920128	0.026251849	0.12335167	0.055154115	0.065457985	0.01104307	0.0	0.07839671	0.014584127	0.031626686	0.06357592	0.028035184	0.0758447	0.0014842522	0.02171495540377282	0.025336337051859663	0.05151295816874508	0.016677263566769653	0.023554862294282723	0.020491680783246854	0.06471725801402568	0.14591652122020685	0.5497813290295076	0.2547296668599373	0.30240259496986915	0.1493051343078072	0.18397031322055205	0.042335980161657474	0.02772310636342939	0.02880146832183079	0.021925783051912888	0.015416382796665127	0.029406514294205106	0.16435733164955477	0.02920440477454709	0.06710953009629876	0.024212407596411446	0.019594257246221998	0.020300213807388924	0.02790875456847296	0.046837247833601894	0.2573404736333079	0.0316135949562139	0.07354133489065305	0.035150234771127845	0.031116603486381362	0.04796882788455664	0.12983465138083658	0.03114949680841176
RNF13	0.40624458	0.58149725	0.3360485	0.42352256	0.5595195	1.1339558	1.0154755	1.3967812	0.39320308	0.37726393	0.7730226	0.71921074	0.47364727	0.8041615	1.1726912	0.45793858	1.7248247	1.6567901	1.920652	2.058382	0.43751884	0.47283536	0.5745348	0.38115776	0.3099300793613043	0.4040165398063505	0.3614617731479443	0.6875512567668094	0.5343220910977745	0.6402095876281017	1.5289081923661947	1.0734477465332235	0.4325656993012426	0.39101375309698144	0.3477496931236325	0.4172388735634879	0.36918255311095266	0.5834984304869704	0.7682336895170169	1.0750267256190997	0.7233237102778599	0.8023571537360272	0.8498019104135708	1.0169141830517503	1.2198714572869958	0.819116129948697	1.0742829822828346	1.6611654644300486	2.3098443250706726	1.81661208431705	1.6886938390516901	0.7211166542845887	0.3884917614325811	0.4285957000134445	0.44872858248602426	0.5895307987273007	0.6531253522916806	0.6489278202792592	0.2619354141839467
RNF213	1.1636939	0.6809849	0.5102721	0.9683582	1.4552057	1.4505478	1.1500676	1.4541023	2.0740113	0.96951103	1.7195314	1.6018162	0.42127833	0.9589431	1.7424442	0.84433687	0.68033224	1.4644852	1.1216391	1.5658106	2.5324504	0.9592122	5.7993956	2.2037213	0.567411179506242	1.6311524386399197	1.6450606597548447	0.47612895827887053	1.0491727045141648	0.5294507356006914	1.5541198061461952	1.3665891829098016	2.0587548329174767	1.5614410249300283	3.90391049288	0.7541120239810907	1.0837701245147864	0.5278915875063741	0.9025571288720196	1.9287757500326883	1.9962132305486235	2.4157393545613575	0.9883143114746186	0.6672213393406534	0.8702031883733488	2.0034583075791788	1.8121633108597994	1.2143532262363887	1.7780264550997231	1.001576717669452	2.1582908286422673	1.4856537620742598	2.807439878803096	2.189639726265742	0.7022383702462343	0.5143824636839192	2.624901186863543	1.715291986234328	20.22610888967583
RNF220	0.24188411	0.15778427	0.105949275	0.100829214	0.24040328	0.20246944	0.097694114	0.17171533	0.19027646	0.25518575	0.21020167	0.21754333	0.08187918	0.14843896	0.19815898	0.10330069	0.56841075	0.247158	0.14706837	0.17720744	0.21409282	0.15374754	0.1931495	0.11962774	0.11057706018939902	0.16223704222962446	0.10690795288654605	0.11908727833514768	0.15772195608634834	0.13222340669581076	0.2412767625053351	0.2444077434794718	0.18247170542058277	0.183651619496377	0.26434381799302326	0.23482041555608463	0.23538312839082778	0.27260074333604334	0.1478581099383489	0.18463438281986536	0.2350023699745168	0.301796267984333	0.1835046186511345	0.21345230137293086	0.10780022256196571	0.1651668455827283	0.19558843316219526	0.16850308016893925	0.21926679343648942	0.15622150818693625	0.13626692717148245	0.2498363987191931	0.18887231067115878	0.1940206691372076	0.1683018833864674	0.19208237222812255	0.20031293494852578	0.12628332173248422	0.14992363021178576
RRAGC	0.24121189	0.3317896	0.43821594	0.38600412	0.2665031	0.48964483	0.066492334	0.5653734	0.23104262	0.27785158	0.27700886	0.29105943	0.44512838	0.23776233	0.2072558	0.1095809	0.26856312	0.4381627	0.25800627	0.36988464	0.16668795	0.20462775	0.31626382	0.13218042	0.11973871650340386	0.23276323107157307	0.2267218101810495	0.2763792966422459	0.3168464910113884	0.37795952042465025	0.5160923618216625	0.5078694139893145	0.2033546121060623	0.2579263755231087	0.16291797471162764	0.27385901835061205	0.42545167604456874	0.09512847456438789	0.22226276326871497	0.3643594408374741	0.3749335900227932	0.2738721521917672	0.2781523866816894	0.14452556414878337	0.3826433714463139	0.2904847181370904	0.27865284615908453	0.18195542596605002	0.3782929194792859	0.36573536119108147	0.38977817667800124	0.06456304958888463	0.18286663769709266	0.16424126556075755	0.22890158804604793	0.11149895676057989	0.3810467903680937	0.37789177920931105	0.03330171269745387
RRM2	0.037260804	0.017143	0.71113324	0.55408114	1.2056577	1.4290006	0.90850127	0.79656565	2.2099285	1.3884451	0.17329945	0.021422924	0.13005938	0.9776177	0.08391135	0.11242172	0.05752162	0.10245136	0.01442295	0.021092316	0.06451739	0.065822735	0.89714515	0.0	0.05792887067619345	0.008936152131974082	0.09866287261432864	0.005518786594921271	0.0032333904795904087	0.026551431144923397	0.9571807158445622	0.7366383694572485	2.0025739593652574	2.4010609815902835	2.8045041430359343	1.14862168652293	0.36067176351187213	0.7963644187438664	0.10094415440532595	0.11375119404774739	0.009696752649087583	0.013946068665337942	0.022837539874059832	0.4577553820984831	0.043308278803688496	0.012533722076828758	0.031875372088476746	0.02327426429683796	0.01769092270603497	0.03630618160442065	0.012052468236800598	0.20517635469312792	0.07009270234794772	0.006629021237003291	0.08023655418091792	0.016344567155279006	0.05579688115117755	0.277414082168111	2.9728936529703707
RRP1B	0.23292154	0.12852414	0.18822029	0.1205514	0.14954883	0.27782112	0.03866353	0.14844504	0.38348657	0.12764099	0.08904583	0.19090243	0.17582822	0.13463874	0.09455885	0.07107214	0.06026463	0.13716775	0.07228546	0.14977686	0.3068669	0.17119011	1.1777246	0.10644864	0.10088595407778232	0.3655086576502869	0.3703881478100192	0.08513479418867527	0.23229749052048346	0.10268866090874662	0.13001691432746473	0.2181332119150059	0.5756254434532521	0.26391687698756583	0.3985914614792678	0.14827207745931392	0.3131596174786245	0.37358168404677816	0.09745294437425761	0.11649525231739825	0.19580904678104696	0.36159562459618655	0.13558450182026874	0.16259157718492803	0.10451826216370397	0.3004802208624651	0.11778275776137799	0.10361776263413223	0.1684047681044612	0.10276003331485277	0.20877073035128646	0.35893366925128095	0.24099013606189643	0.5874469722688057	0.16495003204369257	0.16754450708070723	0.29176731678014545	0.14965982500145164	3.405166782355105
RUBCN	0.3926854	0.08936364	0.11013843	0.018932737	0.15219545	0.09092381	0.03440063	0.12698987	0.12533252	0.072122835	0.116285704	0.15316936	0.07454787	0.111081675	0.105144724	0.14133953	0.032720096	0.09943992	0.19947317	0.15011057	0.15290403	0.060715985	0.16270305	2.3553119	0.2883591259848551	0.3690434343332516	0.5571756163506841	0.08749293793536912	0.11755313130486685	0.08141392675955887	0.15004261329714205	0.09309765315851161	0.15142032285552687	0.08727514020979693	0.26182785844017636	0.049701099361800345	0.07264884446695458	0.044284733351815514	0.09754420836566385	0.18828691440990034	0.22413302782846306	0.19639565495760036	0.13301515426139127	0.06466574581170716	0.07815666948909795	0.15328953780514235	0.15487313828648233	0.12246690237679782	0.18409631846420307	0.1088393979110657	0.12290994611247537	0.09459003720964705	0.1539915617763933	0.12061881813467762	0.05769742027373341	0.019995602002756647	0.19246325950741905	0.1322038867190817	0.43765867517339535
RUNX1	0.15672348	0.38765374	0.19198664	0.5749957	0.14628771	0.7476785	0.49148446	0.5392748	0.35970545	0.17423269	0.54205817	0.06324659	0.54756564	0.75183916	0.40480828	0.27785742	0.73306614	0.8040764	1.0088464	0.71702826	0.39762932	0.18544394	0.2760388	0.46748644	0.1537131925523397	0.18907730120444377	0.2512499295414851	0.28614800794711903	0.44860178330907363	0.4060540928294925	0.6109826552011189	0.32414390648872204	0.3606741866898706	0.24229421496626383	0.5185536783809402	0.08985436835647251	0.17516067666267757	0.40926117779586113	0.5640407078894966	0.7979190609797453	0.1564695222843059	0.033247560934718444	0.02724048654659899	0.3723852488577249	0.6493612090568404	0.9917619878447865	0.3727099563087223	0.5127959131754963	0.7987415529368345	0.5024934579577325	1.0814367601903727	0.24830877718987404	0.3799351411907694	0.31968850832024337	0.17909860923832294	0.2194378247791149	0.3963012552434533	0.1335271960618733	0.3689022794019521
RWDD3	0.09634165	0.06346306	0.041095927	0.023219042	0.09245567	0.05159589	0.005630631	0.043532703	0.068678655	0.056783218	0.033846583	0.06690347	0.0	0.058562726	0.034863815	0.006904702	0.060357682	0.03958152	0.30133826	0.04167681	0.082607254	0.059688758	0.051504016	0.11630457	0.012038590585006954	0.17812728803711947	0.1549076839187519	0.018532833480588564	0.15483956147943134	0.032374238203865716	0.048074653574456575	0.014094762610951056	0.0889865882124173	0.02190366845112686	0.14558803776255605	0.017504759700117896	0.07448657639010318	0.1917490484092036	0.01056933048867189	0.11011438560434623	0.13225294173035368	0.05747417934257357	0.022608130681678447	0.004063410378865684	0.044204171144738555	0.06515615527511259	0.05106060183784124	0.032637811711921545	0.05841232097567284	0.0237964462603902	0.06298733099506516	0.05165582724979946	0.07829635288067416	0.12258515882176542	0.04883266320104004	0.1057005923515149	0.09934197195591854	0.017783685990123175	0.08727137515675824
RXRB	0.17802721	0.22978061	0.1838066	0.20637046	0.61846805	0.11492022	0.020656798	0.09272025	0.13290447	0.08425704	0.12109607	0.28297222	0.026090045	0.07623449	0.08459695	0.029135855	0.07995076	0.08952961	0.085853696	0.15536165	0.13651784	0.19853327	0.090601824	0.13988855	0.09273691048314672	0.1296876069480289	0.1496113342624628	0.23591666493122507	0.26329288493631037	0.21635981202716612	0.08398598951987576	0.0975414452169011	0.1293072306798124	0.10586641558653113	0.17161274479420202	0.10890735791045938	0.1222174105260403	0.019437483672437996	0.1289030337632835	0.10057852313607925	0.24829068476960145	0.3695749341748137	0.26469012252993035	0.06377669930445175	0.06628203968728116	0.12408114947787942	0.0712232201891724	0.1372697857094961	0.12089616297262547	0.12747784283055455	0.11701629031513379	0.07039400277199684	0.14706405758666685	0.17106553973801653	0.1346154302196379	0.24931233308074752	0.14384729716545802	0.09063316333990115	0.06818143130105077
S100A12	0.0073371315	0.002767021	0.01132821	0.0	0.011689624	0.005986494	0.0	0.038137395	0.013967453	0.0015446224	0.47404504	0.004098392	0.046019915	0.14822197	5.721776	0.065086246	0.0	0.12013674	0.035965264	0.068326935	0.010864966	0.010660807	0.24129634	0.0020008052	0.0030894830998976957	0.008432735527266333	0.02478286301767504	0.0027796189949663994	0.0005561274987074637	0.013910273696694469	0.020169573143973583	0.009911453109515621	0.03254106417964912	0.0011183413922126715	0.013741384741369185	0.0004242583057200955	0.006241138480435449	0.005679446561583157	0.1681662958836452	0.7106693285749786	0.01575904272797426	0.0	0.00237628382321437	0.11633408536434649	0.08686608732163675	0.031040724277252178	2.7710956228062487	17.415080277824842	0.028489824436134476	0.08851302117519916	0.1518206149235377	0.027401721477508544	0.011055110494021492	0.010345421868833662	0.014876996143752227	0.011166547341321512	0.629131471649412	0.054148349794955024	0.0
S100A6	3.7040818	14.155673	3.158259	10.698117	11.015512	9.737558	9.987421	8.791699	8.834897	3.2094288	10.535258	11.015459	13.75687	10.773938	31.271688	1.6316316	2.673355	9.309296	5.034729	8.918073	8.976571	4.9328966	5.017428	15.425395	3.3329470600027227	2.2809291233449946	7.2401175258796355	15.794875799503627	9.19980038233674	9.979028543413978	5.224679912923444	7.075091535159579	9.335712591266772	9.05686280769841	3.8122075623741627	1.7007599329876941	2.7104883965897364	0.5643186780619504	13.457914791440466	9.143407583132953	4.591532236372153	11.023316622571816	13.082548634022796	10.764923772689562	7.407713787412353	10.79908185495297	33.85170269629927	25.97781973506452	2.990444478826078	11.84681108591169	14.670547514091725	7.638085541167816	9.554294354917467	8.41689948477102	5.071264533562189	0.6548887953528489	5.237139682704121	4.768890218568492	6.058418509876586
S100A8	0.09152123	0.15256374	0.06498517	0.074084215	0.25530523	1.5997841	0.18284765	1.1641672	0.23933396	0.16757263	5.799523	0.14802462	0.03261526	1.0694962	48.641075	0.7322868	0.11311217	2.7273867	1.2984049	1.6371771	0.1457053	0.4049495	3.0456774	0.002756709	0.13414474753615954	0.05788322419955561	0.12650191598403268	0.06389181171129184	0.3063434849354982	0.20617505010770557	0.39221627547410054	0.5500114346906083	0.24199525160778718	0.14130657740614702	0.791924598452809	0.5451888071103665	0.2097797171377738	0.01997430365661095	0.9207333006813333	7.364594455981763	0.3360036456597516	0.143071052844622	0.11498844624214685	0.4581054215955375	1.012837311244094	0.2849168728374336	30.062444084386964	125.23958828033477	0.2568930326425988	1.2761222981826121	6.393500739610734	0.4151626772694773	0.15334033720366352	0.08068588857825516	0.5809408248413906	0.16664894178838993	8.080504417906042	0.4765004278576379	0.0
S100A9	0.23094893	0.17958279	0.121534556	0.058203742	0.25698978	4.8697953	1.0734375	2.9860091	0.39855945	0.8248137	11.078675	0.2128591	0.18935247	2.596674	60.364136	0.68108916	0.61552244	4.7935095	2.0069504	3.306207	0.22787014	0.90681565	3.565474	0.056793462	0.5027730787323279	0.06465790913797828	0.20442805016722296	0.10531972352768922	0.18440472177501216	0.2218250814008606	1.9300946636575207	2.3884631575167057	0.30161341610331344	0.3365213972774809	0.5308575476540444	1.0519231792715333	0.24757769135494964	0.14467502462452855	2.4093813107955664	13.060557883336928	0.4897241146721248	0.12387169339158446	0.17129811815075427	1.2022011840312363	2.267744559828466	0.9323691749663283	38.68201453319589	164.44409546960912	1.254268062438155	3.2360256670159164	9.142581057798806	0.06268200874328614	0.32034152954678674	0.07503696055401961	1.4546662064262852	0.2837386114582692	9.28944805503663	0.637559658231945	0.0
SARAF	3.2208743	2.3354747	2.4277916	2.665477	1.8962934	1.9357309	2.5386977	2.459799	4.2001386	1.3960035	2.5632775	2.042277	3.706874	3.0736306	2.5230284	1.581267	2.0341291	2.8325245	2.684049	2.6777136	6.855625	1.3550179	2.451184	3.761039	1.6611748358956888	3.5749851099937056	5.207460686043388	2.2939670780828765	2.958333754607934	1.8958624140639966	2.1577617385012413	1.8980953860176524	4.829194086208398	3.8088066308906057	3.6590901424156064	1.4225889330790285	1.2750681340350007	1.1946347476226356	2.9015367471770124	2.1215804850925295	1.6123393835941104	2.538916155803412	2.240541858757265	2.9249698765222716	3.5721381416474136	4.108478377799472	2.7178260180887217	2.5676789189189666	2.505419746303479	2.951109247854444	2.439560502828829	2.8128922648244092	5.084095433358458	14.894142396874527	1.5424831612456191	1.2851272566340808	3.6514173240732006	2.631535374463232	1.866943290376331
SCAMP2	0.5209979	0.31451404	0.8476683	0.3073705	0.3302768	1.6165377	1.2183164	1.1529964	0.689448	0.36349007	0.6563727	0.4181184	1.0359854	0.7445626	0.6659075	0.32167336	0.83107495	1.1058104	1.0191935	1.2525929	0.616216	0.29983795	0.66637385	0.8190282	0.32923793998461487	0.44686998162727326	1.2412950872243491	0.30072082465063205	0.4744348720895793	0.3304527710195342	1.4228178552634827	1.0304387484215476	0.8254024816326598	0.6457286806381547	0.4243470804038309	0.365252409219876	0.5344983077410667	0.5157342036956637	0.706015402903914	0.5184002893953435	0.38055753428837497	0.5516317026682009	0.39649661468397074	0.8502271025077517	0.5837120064066398	1.0896994061720606	0.7340085686798442	0.8072783963199044	1.387576023188359	1.1389861469314342	1.1946015257096874	0.7741217266429554	0.46905859796295407	0.9498174257539178	0.3145833995951065	0.3887411070390838	0.3910564467707427	0.5773592607778307	1.2049935995939658
SDC3	0.0356689	0.05865564	0.007664938	0.2631221	0.22020695	1.1625197	0.33068284	1.1004841	0.015386902	0.03997052	0.088963516	0.3564805	0.013724242	0.12836349	0.1293817	0.012171579	0.81010115	1.2329476	0.7818879	1.3533293	0.024107493	0.040763155	0.049763214	0.04949515	0.07164422971584766	0.01141226349669346	0.0	0.0807426993193102	0.07004933121390555	0.08080476974208663	1.2532092844568108	0.7386419904636847	0.0007314558276238443	0.04054439548842596	0.014831545491915963	0.03976977971444067	0.08554367544328612	0.1598322687477901	0.07657747625025814	0.08269594428088338	0.2733538951905497	0.4388064479038678	0.3358701441292663	0.03089830698473084	0.11463458927172407	0.23399177242129582	0.15218428979434068	0.04075635088671975	1.460174225115729	1.055154904009111	1.2046091266564924	0.059918988834727904	0.027482744160517433	0.0023248594669244126	0.06239469268855999	0.02234281389296294	0.0905967937996617	0.05112696971709566	0.0009336767658110588
SDF2L1	1.4926597	0.5873035	4.019594	0.6631347	0.8261057	1.2562149	1.4754969	1.2611313	1.2338319	1.5195236	0.8384822	0.6905186	0.7347993	0.5372221	0.5937928	1.4913216	0.6277683	1.1295426	0.6545569	0.8130523	0.87066954	1.7147429	1.1380943	1.007828	1.8527998009625626	0.4594670637066239	4.0316510657698155	0.4876715735286771	0.389906433218782	0.5796079172049503	0.8494483671251727	1.838907017760322	1.3035939636351594	1.4769307979806732	0.6606856513175628	1.7070070750154387	1.7282137681032421	1.8533769109566225	1.019481159374619	0.4660528892689134	0.36086549459423695	0.6110426413230001	0.6644801092364295	0.7607513174372588	0.5269661305803612	0.800290744744417	0.7975105882759637	0.4988614089680817	0.6349776829385757	0.980657371495176	0.9299497437706807	1.0695538446500703	0.8581498907088575	0.7366147817839043	2.003684909715422	1.255763027048181	0.7976321286396436	1.0813658944657916	0.855422836458983
SEC24D	0.15758203	0.34699917	0.22425415	0.7971304	0.31549823	0.33705264	0.11366717	0.30597633	0.16129473	0.19556507	0.16972263	0.22761247	0.16162713	0.16199586	0.14979771	0.41837466	0.08306393	0.27802765	0.14314824	0.2696647	0.15536273	0.20690434	0.29717818	0.11060449	0.1946649431680161	0.08723104861928715	0.3007544451937782	0.28014980336761197	0.35739756428202357	0.3426920300653525	0.3066896776259405	0.15964204727772985	0.17058266682130208	0.07791668111709961	0.1822732282299683	0.0940120902178407	0.13336595005432958	0.5452788150956478	0.22169768081210844	0.22893726267119657	0.3622139913143841	0.1713412373121052	0.21518555041033377	0.23102857905460894	0.16180922397039782	0.24546510515015302	0.15623393762528676	0.17041650284255547	0.3350901355067188	0.19730280420513782	0.25719266963688087	0.19302925707457902	0.16657965095680877	0.08007572022214482	0.2455153126681226	0.2237686046024629	0.22386699055549403	0.2061496079704582	0.7200144725525005
SERTAD1	0.61075515	1.5167135	0.115574434	1.1644149	1.0058154	0.35464746	1.4814881	0.40830833	0.6780492	0.29223797	0.46482348	1.2463999	1.8066363	0.49936572	1.0458354	0.36972237	1.0883176	0.8324691	2.2265112	0.5714043	0.84719086	0.3205234	0.7465605	0.253001	0.36810837250675477	0.7519753199181699	0.9360537853567742	2.627828396829724	1.6660891867331278	1.3897085740038608	0.2820844216652457	0.5469518445160291	0.5878868273943616	0.790776670318194	0.7406341453117005	0.30766782063985626	0.5300491732703673	0.2559371624086878	0.5740404408704217	0.647352507263081	1.3403239173004045	1.323175803737183	1.6705953176879764	0.31817576095900163	0.41821612270545094	1.1087452815450287	1.156942540356337	0.20578374856152148	0.43761202353805656	0.7661708500524761	0.8793195699654476	0.3310261946219903	0.9015832691950113	1.0012551808048	0.38263660860365095	0.322560894676248	1.4096119455385965	0.3436676792130781	0.06679939190261822
SESN1	0.28608525	0.1637275	0.3348657	0.18691833	0.16731378	0.27698392	0.17887102	0.4923319	0.25777978	0.20958534	0.29979283	0.19775462	0.34223974	0.3642101	0.10387471	0.09151887	0.3363762	0.4494709	0.45864725	0.6416777	0.40544564	0.10353358	0.27159706	0.013193242	0.07059998457160041	0.2586761452832466	0.3006516271956651	0.12433782573401882	0.21178674036587863	0.14246967415436257	0.9384381421160287	0.1740630715312781	0.25615655185704733	0.12428310813078307	0.4413881358201818	0.0647245805791384	0.09697414475621448	0.13008685440852724	0.18186577143827548	0.5163996326051482	0.3019830870544871	0.27305355642561613	0.16731919958688163	0.5857978228273159	0.4579176193539605	0.39580905155699425	0.08427625300997323	0.2789542989277162	0.9989810176744942	0.3684903533248726	0.22805857367686835	0.9540075376436308	0.4099766746956131	0.2869956663565844	0.08347689610940667	0.14232838011656507	0.5751134834948816	0.22901914185886113	0.09231549802956246
SESN3	0.4323448	0.2114073	0.08736273	0.15202631	0.30927944	0.32297844	0.38619226	0.45871276	0.29807535	0.10100524	0.47476268	0.2764738	0.110978484	0.4273068	0.17522946	0.09488034	0.3268619	0.49292082	0.3862549	0.62443256	0.31056842	0.15552661	0.36989945	0.021188691	0.14487287736420715	0.8630246428375018	0.23791457600193266	0.15134100559428787	0.3819185505177718	0.10567854692578467	0.9337846885494631	0.20860396164962192	0.2573147655210238	0.13708228195812192	0.44940988046015296	0.18925446340185	0.12566509451640817	0.07257716091982837	0.3176552626182675	0.7018360175214617	0.29470263187708107	0.44310898083934347	0.15519900801261666	0.46350968471897935	0.4915182864411898	0.537934879530474	0.18808413858426362	0.16750257529271118	1.049309485071781	0.3039022195836025	0.2710967481882237	0.21996589899063113	0.28591491580492484	0.37863871584436704	0.10422382517156835	0.12579177537840097	0.25898587435436154	0.22727270798918559	0.40243666183087584
SETX	0.5995234	0.33624962	0.22055297	0.3774663	0.6890545	0.63327014	0.36536258	0.53244245	0.5712752	0.24450204	0.64278793	0.8208689	0.245125	0.48918742	0.5758655	0.48653665	0.35735387	1.0127794	0.7017933	0.6970204	0.6348317	0.3835532	0.67761505	0.49110636	0.14576718068954617	0.8821509857951024	0.6022822760906039	0.3545811926121273	0.4541010774622722	0.22793960709974578	0.9910599495769364	0.26397254612327264	0.5751698428925827	0.30732420405475896	1.0533533589434727	0.1290391330434621	0.273977305491711	0.6737538563206865	0.4607050248765453	1.2159514052698661	1.6563498819563767	0.887515755118953	0.4456860927453665	0.6540481694177195	0.48570338945299885	0.615429863138504	0.5249132238880054	1.1510323298449747	1.0777533979730578	0.3438766542743019	0.597566251093196	0.9231455134106922	0.6152521244449093	0.561335908347064	0.25024239522471253	0.3921747452886274	0.7500794388387335	0.3119806376464393	0.9319173877693906
SFMBT2	0.08585128	0.014585902	0.019583954	0.051264334	0.15846449	0.21704936	0.2180777	0.3239379	0.20475619	0.008469574	0.12107658	0.18438855	0.009361481	0.24784884	0.1507934	0.08741519	0.81995636	0.29281408	0.24524383	0.3214563	0.15355179	0.010967851	0.13652697	0.03369618	0.058728079389707845	0.08788053070103596	0.14158780498665055	0.019051073149555817	0.01583176678857304	0.012815386654928857	0.4088135695134716	0.2828068798962643	0.1535156960506821	0.13474801986292603	0.5709740061992423	0.005144252731831662	0.009659157870749384	0.0713396395955767	0.09028451264409937	0.2839301925330651	0.34639934242123255	0.17833102855048077	0.10420680780796286	0.12236613089649157	0.1799212911174353	0.29942048466739046	0.17815046231782247	0.08250992832017907	0.40693383994535054	0.2368514500679145	0.2286667766724825	0.0	0.1951404199180708	0.130878412196063	0.02189830493492326	0.005543948524255113	0.3295500150902695	0.044958882629980844	0.0
SGCB	0.07208244	0.6817226	0.11053012	1.1981412	0.54165065	0.061683994	0.05191353	0.065364756	0.19126515	0.11116876	0.0031435515	0.3731712	0.030821959	0.009800051	0.013695207	0.15181242	0.0022329402	0.008213295	0.0060963416	0.009640915	0.08758874	0.08305434	0.4548501	0.31268936	0.04077928747143544	0.058508684832716276	0.14929498990785162	0.6152910423786557	0.8043608698890011	0.6014325977179402	0.03164607545526445	0.045291748664916455	0.19200977315880588	0.12724577639451926	0.054506265415776745	0.09620220165264709	0.17444007157264574	0.0	0.006879856550466982	0.005138180951959248	0.38393391839473606	0.3272329554571506	0.39074373366065684	0.028820615528594225	0.01618226987034204	0.0046058543320271865	0.00550605125720744	0.06038871735501063	0.012245835148604313	0.006430813642513886	0.007930982215079624	0.31364329387615253	0.0770973952596296	0.06154069804969614	0.0714975156873224	0.10938527389229437	0.127436899115203	0.22964277638442693	0.5184821630815873
SGK1	0.6192231	0.43163595	0.8126589	0.53239477	1.8882289	4.2346907	3.6824677	3.8039353	0.6051456	0.48738408	2.7228138	1.864375	1.658989	3.6544542	3.1430092	0.9041099	5.369877	5.1652412	7.8633714	4.9473624	0.5385233	0.42980355	1.1357317	0.20965326	0.43206319486877715	0.4893147406660298	0.45253744149630615	0.4773654852781747	0.4875854017285664	0.477855937828307	5.21676978362995	3.6044164166151447	0.3480003617160549	0.6523016494041954	1.0973527991963754	0.4288446551133538	0.1023655147780642	0.8795512871201989	2.6138164130098933	3.95561607479619	2.9511662592439136	1.6624368423364877	1.9649052742607886	5.448386875723618	4.529082253767788	3.7265594107739215	2.329236714104817	2.997093452285394	6.367876638347711	4.296461945290855	4.892727941388637	1.0292871611458914	0.5845663365481619	0.2812083189003865	0.47077013106864046	0.31998717744761773	1.0421022464312353	2.033867976966486	0.5362918619122801
SGPL1	0.055406876	0.10215312	0.04738526	0.07646001	0.08126725	0.57710373	0.21443112	0.48481065	0.11260746	0.1404055	0.116174005	0.10165422	0.119509935	0.13826613	0.16208273	0.07963237	0.41066718	0.71654797	0.39851633	0.56224614	0.12403921	0.19444865	0.11053463	0.010735362	0.0711598231678952	0.033491799743864466	0.052987906604195834	0.07826929628834205	0.08694212872580681	0.15723609365604616	0.6947426678512741	0.5031099439108971	0.08858879529901532	0.10219520208956771	0.0898449969096927	0.10597186733168011	0.15310506407077015	0.2295082761736339	0.12937586548105057	0.17898150397661403	0.14365482252549847	0.04604929877411906	0.11487760148681128	0.12120354329306068	0.17965390775936152	0.27394565696337686	0.2047019563950149	0.10415749846072797	0.697663516381651	0.429108821503888	0.45761603872944573	0.10544467312949045	0.13777389918425967	0.05312311079313637	0.15897796572705417	0.19360515501366565	0.15763621084822535	0.09472106756802615	0.21786854666753627
SH2B2	0.1042024	0.016371293	0.6812141	0.02147088	0.026553994	0.02876174	0.041858323	0.084619984	0.013863345	0.012108026	0.087456584	0.050580714	0.0016473107	0.07733001	0.10034932	0.031869806	0.0107900025	0.029898763	0.058755778	0.05596747	0.0051364275	0.01307944	0.032713853	0.001348386	0.08844843799198411	0.16412351970659908	0.2053837323798663	0.010679514574530768	0.020218167388388733	0.018226061027147727	0.017661337200778997	0.031934796017996384	0.004791983592201566	0.01936638411206686	0.0027766424630369458	0.014219474888321572	0.04233446825627953	0.04046881498374375	0.09318167095419523	0.11755001091108144	0.07180885653611004	0.03922693062780529	0.03779599386850887	0.05415699642361547	0.061255316878635294	0.19209856974329978	0.13173243777218052	0.08639662028298681	0.03697171663992557	0.053903259715734654	0.1112640777360423	0.0	0.006526807887596534	0.0039672508379468875	0.015815741837387834	0.015080039869879802	0.05521415041063208	0.01698202732549108	0.0
SHD	0.07918014	0.0105359	0.028376669	0.00044781007	0.0010530262	0.007492752	0.019311253	0.0038725869	0.008215308	0.07796607	0.0010125752	0.0070443153	0.0016473107	0.0021164634	0.033026017	0.030083727	0.0	0.014959646	0.009019611	0.009255955	0.022013595	0.112122774	0.037684597	1.249511	0.04226723934774654	0.05389527442441396	0.17289596537557425	0.006104867024979276	0.0	0.03019029939939132	0.009685061063019123	0.0060405916696454716	0.003638045384569754	0.02072398612342249	0.0034340660159404455	0.13744167590589332	0.013383683826093314	0.05038549571201719	0.0036787445312584334	0.00021128940864427554	0.01216030164527414	0.0	0.009689680176931378	0.00796730366175374	0.0024524728142512886	0.0	0.0	0.009735502593314066	0.013980744811119727	0.00970680405725639	0.0010359937640894074	0.0	0.015945387952920165	0.00010928909525234628	0.12521672738620757	0.07961085100000047	0.023986167755520583	0.08143296500434138	0.0
SIDT1	0.38099045	0.013647228	0.026545642	0.060760707	0.009803519	0.028953984	0.080562055	0.04774041	0.07410331	0.0029056321	0.03759662	0.032278128	0.09200017	0.07250032	0.072812885	0.23933664	0.041489705	0.034662716	0.054868836	0.054087125	0.11006422	0.0048003187	0.13465066	2.2893353	0.14635570928770486	0.40358363294819816	0.36924320269032024	0.009346091585399863	0.016273155395320683	0.02028357777510708	0.05681681327387668	0.019373517261027054	0.08247154978307283	0.03252569827430563	0.08350185432353203	0.0022015510993484188	0.013754379645344973	0.0	0.03807017420041672	0.08500939163848122	0.05286562774096936	0.04541675754212138	0.015005923087107603	0.0499116710079619	0.1226016773974272	0.12889069286678834	0.0447590632236775	0.006535569826761881	0.07810286606598175	0.06726499648862218	0.02742050190451356	0.0861676778112139	0.11397413186225686	0.15015858078898137	0.006777212200917359	0.004166687885679043	0.1296359972614007	0.03778193115810657	0.27456375074608586
SLAMF7	0.6408799	0.04106018	0.40112197	0.017448628	0.0331673	0.38452184	0.22284691	0.42143598	0.2681583	0.0103718955	1.0871801	0.025725808	0.023284707	0.68722	0.38664538	1.9862487	0.34404066	0.5589108	0.46722388	0.3943019	0.35860413	0.018541465	0.3472597	0.5253522	0.3755769550627835	0.3856899993769594	0.9365096584708251	0.039054964215882	0.0049595428183236145	0.008790956573224843	0.3206583191562224	0.5083302300492781	0.28225117500302077	0.18557425368419192	0.3518958772265191	0.03446614003497969	0.014250078504352693	0.028898239135742188	0.6268340767450981	1.0034991530451929	0.07385685211166765	0.0031802830430557164	0.01726576935484186	1.021166635712984	0.7008686507453019	0.6281137034545154	0.4742317744732861	0.5179860830385647	0.3647498973499053	0.2717718743118255	0.5936195774770783	0.5263414469632236	0.4047368606334592	0.16000479867668949	0.022271674879397955	0.0192200397398848	0.603151694074857	0.4906283999250359	0.07482419318195739
SLAMF8	0.015213324	0.069097765	0.010683358	0.030997952	0.03034025	0.7022954	0.42688614	0.75342	0.021759491	0.008963881	0.62570375	0.022471424	0.1583753	0.83968395	0.32541856	0.029472264	1.5062743	1.0169895	0.70813257	0.9734646	0.037734322	0.016485047	0.15302281	0.0	0.0183541816369894	0.00512837165919877	0.0	0.03432024698328923	0.037872285575290605	0.0347981169594289	0.7510073884479822	0.7296101253868584	0.021266697628952246	0.04892893092008241	0.00431878784937518	0.020988330455660512	0.0076089037188566975	0.055547155946346335	0.7458467483289424	0.4248365596259553	0.02210565903653904	0.010059504261323439	0.007983820934143522	1.2640452308489205	0.7411886795309659	0.9382742304976012	0.3526150900993767	0.3984812413435455	1.0604266274039469	0.8253843192549607	0.9292682631062641	0.12616270857971984	0.039246262098693536	0.014751649327664635	0.011334814352596147	0.017802199151903	0.0472829805535861	0.3774442331439906	0.0
SLC11A1	0.018284531	0.10290099	0.0041686837	0.050677285	0.032287598	0.5766318	0.052250277	0.28910992	0.031547017	0.021160629	0.74466276	0.031273864	0.035302315	0.30556443	1.7882612	0.021739565	0.19017231	0.4960753	0.2051708	0.49087018	0.03748212	0.043377914	0.29433098	0.0	0.03947456830449666	0.015316457480371684	0.006872406313109366	0.0667476077523396	0.10231199620427596	0.037381079047939275	0.18633509047067537	0.4774634252095841	0.034169518569450864	0.016872089682685363	0.018686494656971524	0.022689811030022926	0.04152819659275465	0.07692926505516315	0.31681701254600586	1.6966682280640515	0.058875991357378483	0.05142943527350352	0.021518879437749938	0.1423222914314825	0.28636380856323995	0.47060167915863427	1.7040201810077966	3.1966674509605557	0.20043586628691018	0.3517368348471039	1.506309372751127	0.08581559255525663	0.03731030746729622	0.03345539173711359	0.05792646459322689	0.044970312047859465	0.6942904886887361	0.04872625344310795	0.0072907553778754335
SLC15A3	0.11020719	0.03912485	0.048945986	0.03313185	0.24222699	1.3885944	0.66944563	0.9784344	0.02363482	0.059907176	0.6000065	0.2448088	0.090207726	0.58363295	0.5480112	0.21655434	1.2990711	1.7035316	0.82960594	1.3459839	0.02973811	0.047126148	0.13285549	0.14090405	0.0681507091818925	0.14324062927612383	0.1308706762420598	0.03690275509429846	0.0633203756250299	0.052728459196435706	1.616239093101945	0.8311632436247067	0.023384579474226456	0.030427396973832014	0.02720290556167945	0.06354705521520852	0.04862827362710673	0.06246607761664931	0.41721530094254167	0.8976175639808228	0.2913049999941218	0.40680470022506193	0.20444834074935161	0.5117143583783451	0.5680649198470715	0.5943266952577555	0.5982457665359479	0.3185934975685626	1.7090374435477849	0.8199105646577215	1.361213841622808	0.07155609750128412	0.035477260640247504	0.004834884673946815	0.03641552636184964	0.022313771784308222	0.16795963449982024	0.16398871327947742	0.0
SLC16A1	0.11693799	0.15679707	0.28814048	0.22104375	0.21807241	0.3024159	0.22777168	0.23888879	0.3124682	1.5885477	0.14161937	0.21575741	0.053547777	0.112574294	0.054000285	0.13567571	0.08323522	0.19413134	0.1971188	0.17941952	0.23686886	0.60017437	0.3457981	0.0025156094	0.1436641382435608	0.13031519480142562	0.07724188070398304	0.126565000511291	0.10735238780340632	0.23535188540111754	0.25978396180988633	0.19531727888437936	0.27574479883376457	0.25618885185356327	0.39165981176946807	0.34231355760145593	0.5081624058337295	0.495798078311488	0.12523918773814166	0.24551960798300504	0.3529869122213612	0.18960489519585205	0.1678834236673169	0.19393090903192464	0.1371980193939507	0.14274623886067686	0.04572298827510659	0.09671201936143409	0.2508391018315882	0.1342899816746118	0.1554507101830781	0.1515868560060278	0.28927735970791535	0.13492463606961436	0.29020120631793506	1.2925383023540225	0.28630341291488753	0.19079267872057282	0.6075763109309541
SLC16A10	0.0104987305	0.0038692753	0.032383468	0.01939966	0.006993414	0.587576	0.31197923	0.22927544	0.037189454	0.140799	0.1880209	0.006618681	0.0042423215	0.0947532	0.13369985	0.0040387986	0.15638661	0.25704938	0.27002272	0.33089393	0.037491113	0.058390684	0.020943522	0.0011637564	0.020088126820203164	0.006761629379448252	0.018495501893939396	0.0024523563785550664	0.0013328897616555614	0.0156076493438914	0.18051437039418247	0.34482766117022234	0.033092282757149774	0.08038466395168921	0.04926733004013246	0.046635384849249825	0.08909033428901933	0.019614293657500167	0.03729215290687068	0.5880793625026536	0.004118528258243731	0.001759205516931173	0.014296767903703439	0.05460276992341266	0.08330318479049453	0.2010166750250577	0.10704423101561304	0.018377907763100533	0.17998816418672764	0.31268358745811997	0.580516279287089	0.06357279148968784	0.03377717870526467	0.053395283214602435	0.03524985993333969	0.08398437387718216	0.03352393659894005	0.02310534547727035	0.0
SLC16A11	0.0092800455	0.008111301	0.06320079	0.0	0.061636	0.0040396047	0.0	0.0012553323	0.024967644	0.15982588	0.0017633056	0.035900995	0.01356166	0.0035121061	0.0027581924	0.0010964257	0.011484225	0.00216367	0.0024245768	0.005151714	0.023003554	0.57763994	0.017588928	0.04246501	0.020129469872062957	0.012838931837942073	0.0	0.02015844906963926	0.009139197527211455	0.003948561594993819	0.0005758492461530677	0.007582507911117	0.041545591270468966	0.022598841599804687	0.014165752652516055	0.05699355840194866	0.1354044181220831	0.08758266312735422	0.003125208391333526	0.004164926919744578	0.039614852687413195	0.06112866702157672	0.04207306449589505	0.0062911124587748096	0.007807347744933079	0.0018016777158210782	0.0034322940240323167	0.00970411666051638	0.007182449930803795	0.006704263985707829	0.0	0.014884052957807268	0.022019444789364514	0.03724690986168688	0.10072438533925018	1.3821878447989258	0.024429231170359077	0.027929930540092	0.0
SLC18A2	0.017164255	0.009150983	0.0	0.0	0.0	0.0	0.0	0.03231005	0.05114896	0.00052959286	0.006584618	0.0040401015	4.9022994	0.013185343	0.023513358	0.013347112	0.0	0.0034826216	0.00037142803	0.0016418038	0.046478745	0.015783882	0.0050401734	0.010071881	0.015865938243451325	0.002127887374138595	0.02676311299867253	0.0	0.02745295183824083	0.0	0.0004602583971890535	0.003859120492751782	0.10185718082927381	9.76753256801959e-05	0.015118834191718986	0.000330469466712826	0.0013532672511156127	0.003273658968251327	0.004812886082481411	0.001682690038495885	0.0008328701531866943	0.007542969439186541	0.0039211471083091904	0.005699024559315099	0.0	0.048182151907322675	0.013866533305310555	0.01993524143655245	0.001974075972624643	0.0016525017321223027	0.002208645414007972	0.0	0.019672123860573484	0.16898237765571203	0.0032312476110331577	0.04092822473740178	0.005661783527085078	0.005907324187973177	0.00763230625240282
SLC1A3	0.010401235	0.017542971	0.0074178553	0.016962746	0.03334768	1.3472419	1.3937114	1.2324636	0.026563104	0.02317016	0.6616315	0.05254907	0.018571233	0.5833119	0.4740129	0.07424431	1.025898	1.4659911	1.1168851	1.5784571	0.082816854	0.03572514	0.10017054	0.0	0.024442988469605405	0.012852983596567148	0.0	0.01342426614635822	0.01207691502221159	0.03874380090097546	2.251780471366617	1.0420359618795831	0.0235779017357481	0.04878363604766157	0.01578936669013675	0.03915006956241195	0.08222731332653357	0.029744259242353768	0.4288581165369292	0.7191251312887875	0.09484428887630227	0.03713189901978758	0.022184383268296703	0.6619855582052363	0.782665371376877	0.3304090916458003	0.2683165851703192	1.224250427922494	2.304834595821791	1.1484879167526594	0.6312489975125523	0.5474723902615634	0.060031077188054414	0.001934743330523643	0.024644183359474946	0.06167035480229898	0.09534022214986207	0.18854341367354352	0.0
SLC24A4	0.0028628833	0.0052184258	0.0	0.0	0.0068150004	0.017211009	0.016905311	0.023331579	0.0017520764	0.0006711283	0.18970811	0.008004096	0.0	0.041805014	0.5907327	0.0022658345	0.019551216	0.023895627	0.049242817	0.031335875	0.0032421662	0.0004091729	0.025653947	0.0	0.0020154017365006972	0.009041702564130982	0.0	0.0015569477754091374	0.014240541134330209	0.000931544567926194	0.028120611952662408	0.01506601096858183	0.0012529627262914866	0.005466555064050544	0.0	0.0017474567771870628	0.002014870750022181	0.0	0.14072292275459444	0.22440638939438434	0.01160101134745208	0.002289110469439673	0.015969290629624263	0.059008329746447735	0.07435227946479353	0.061601414859866234	0.20350784630867952	0.305936585666873	0.026694928929937804	0.04248030934574762	0.056624602786198096	0.007522756712777274	0.004413931842566205	0.0	0.0009017374574063808	0.0	0.008307099063403253	0.0884969248931658	0.0
SLC26A2	0.06591287	0.1352255	0.06554776	0.08625277	0.2934884	0.10978413	0.08401863	0.15102592	0.12642206	0.10406743	0.07832625	0.42138606	1.8543332	0.08947016	0.1107432	0.045398798	0.042447142	0.17796095	0.10778563	0.14233068	0.11203792	0.08490239	0.119947396	0.029905118	0.10240354671031467	0.07184613895265493	0.07097095598570843	0.15793851644484083	0.13696757675555027	0.08328271581936698	0.21384580259923844	0.11550964653219413	0.09737181098546784	0.07349884268585448	0.15576016243918295	0.047419273846925264	0.052381981465045385	0.0957129828448366	0.0693787012086151	0.16983115352097497	0.45746463292648226	0.5156004629096297	0.2777805371306358	0.0890263819440745	0.10576989970070676	0.11762251512808458	0.07894828916876062	0.0710587752312516	0.18756086157070154	0.10537915599712719	0.15394415359390673	0.014427099909101213	0.12980770189969587	0.08604369254186457	0.04947938170053572	0.16130334473118438	0.13733567785805456	0.08423798002206548	0.07245423753815645
SLC27A5	0.25892228	0.16437782	0.10127597	0.20632261	0.11437417	0.10199143	0.058713537	0.12788817	0.19221407	0.6091746	0.07302931	0.17233798	0.07464214	0.07601544	0.106160395	0.06662175	0.12141204	0.09302945	0.09415155	0.11780491	0.20686872	1.2051117	0.22604544	0.017814623	0.20861932410927816	0.05925633016522189	0.09057812783223078	0.15209110294983608	0.149184530402147	0.2663024563857981	0.10340440491417803	0.16413435243694274	0.16205326095005454	0.31368222464756473	0.07333233583821305	0.8532833321105536	0.2919039391345471	0.3556747551622062	0.10175684524410494	0.03630489714455169	0.12118373350775936	0.20567882973517757	0.23694841392111396	0.07662848039101852	0.0961303229336423	0.11792596760844586	0.07842224738115437	0.10613695126210186	0.09947093427769871	0.15998384922560602	0.1032452616266684	0.16163949966430663	0.21867955413705661	0.20708502896345007	1.1221048432168343	1.4471568572881806	0.22298852770731759	0.2692661080905425	0.03813427411890617
SLC35G2	0.025279697	0.057883322	0.010425185	0.09407336	0.65539837	0.0039774384	0.0013436961	0.014088129	0.020029157	0.04732784	0.0028863112	0.342924	0.0023548747	0.004219831	0.0056883525	0.0008910869	0.0030845918	0.0049444167	0.010900051	0.015643513	0.042738527	0.047651373	0.053839624	0.0	0.015791101795160273	0.0029915277360604052	0.004781467896519285	0.1402471252278576	0.02026164723694828	0.08000157580296725	0.026347832485085557	0.013648980287221349	0.008284831528118236	0.04999833564684586	0.026749196782495148	0.08046248151322316	0.143100995558479	0.007086832975519115	0.0082104623692885	0.0033161174583918405	0.31586856280559944	0.33800962646354715	0.3691276024773175	0.0013817498812804352	0.016532060657343525	0.004105061698143254	0.006008150422116552	0.02242684037512487	0.015403227135869795	0.022549251557444156	0.007107195170726658	0.0	0.033941414674541974	0.009098585791396824	0.06143919001847617	0.042138013658181615	0.05650196292294072	0.07948302817160202	0.0
SLC38A6	0.053456	0.07737041	0.051734626	0.07471151	0.08406976	0.820792	0.46571475	0.6727602	0.05855612	0.09426902	0.16326077	0.13481781	0.023659866	0.12112267	0.12689985	0.022632513	1.2493219	0.6697055	0.57808465	0.8172091	0.08654471	0.115463756	0.20846303	0.1500232	0.06590709358712854	0.04448926037868105	0.058070333390751384	0.08460292639180234	0.09782979782942801	0.14328071623193714	0.8337609425795504	0.430370703067224	0.06289823308880986	0.0958688077887772	0.09211753130122373	0.14941704797668137	0.12293358783411519	0.04607201855758141	0.0895678457183712	0.17667881775765099	0.08811637419442103	0.11805513856237845	0.09204466487678023	0.07974558580201771	0.17999439349921043	0.15431073190915967	0.14033657975820796	0.14699731158066243	0.9659886045172292	0.7229092715961154	0.48194304322581294	0.014427099909101213	0.08485379099757197	0.0819095322395134	0.13177242843831807	0.12832860058379725	0.0788714521641205	0.1162050374913211	0.3201758152464286
SLC48A1	0.041219592	0.08692036	0.05554609	0.03777637	0.17771024	0.8059619	0.053365044	0.30730283	0.030113345	0.07413026	0.04707851	0.27711302	0.012202126	0.031058325	0.06384382	0.028913729	0.11977899	0.16955604	0.09750633	0.22225504	0.038695503	0.06906518	0.072679445	0.00096445705	0.05239665343661599	0.04340470794038568	0.06883161488597678	0.15755046943384243	0.0759260053415413	0.1375142152423859	0.2699339627254115	0.16034290691803188	0.02027530512437627	0.0360614705748935	0.037628153975367215	0.09208903236272187	0.11328349629847179	0.15354964310312508	0.048143858556805565	0.04073069644985336	0.23799549553514263	0.3492527812550295	0.3383572039319584	0.06615490999840569	0.029499983323546478	0.04732256464276375	0.03680358825044287	0.0351502353373873	0.22620685749535616	0.23981490657885413	0.10740973404014581	0.03307709639722651	0.04073545834807393	0.046391029877832404	0.09447179606946507	0.05534466523746623	0.07257263576770254	0.08187371184436816	0.07738949730827178
SLCO2B1	0.04639339	0.045308713	0.029540993	0.01915055	0.2003566	1.9286324	0.5581683	1.2634913	0.06718102	0.19222763	0.2354569	0.25903016	0.15411183	0.35597938	0.19636916	0.05117249	1.7000206	1.8805046	1.5264317	2.0471964	0.059076376	0.22874098	0.11945979	0.0	0.053494259411757665	0.06566084239040954	0.00421431463987089	0.024473402625559033	0.05727222422713464	0.07774146331836565	2.06011813274112	1.1276208207814893	0.021597326679203506	0.06985042562068187	0.0731827631814826	0.1482782487989889	0.10147784833188546	0.08467261544589338	0.15112229618680745	0.24153151237264803	0.21603422632591668	0.6037377438924721	0.13623299138211103	0.13005578408585564	0.3357389476215357	0.7844926065135045	0.11491846072632432	0.07691181569717112	2.7003850227731943	1.4361715823638734	1.9356289496576387	0.039307563645499095	0.07825685042378047	0.009098650093939026	0.24466155650774643	0.10113532698241198	0.14010548368930326	0.16308877409772068	0.02268499558971774
SMC1A	0.25110656	0.44034472	0.7033878	0.92023176	0.8317281	1.091389	0.62649345	0.88692963	1.2975074	0.54719526	0.44006255	0.5112332	0.6162342	0.43225747	0.4064481	0.5653684	0.29690078	0.41031533	0.2545461	0.394629	0.5137598	0.5124937	3.5229805	0.65472734	0.14184345099537402	0.35524212316628906	0.44258652899755013	0.3012578893633741	0.5924079836679887	0.256604622170048	1.1284046675016453	0.5285972864988607	1.5851105571195774	0.802541056993182	1.4556930141551923	0.45426370666462934	0.7198730188729378	0.922437789052578	0.38588887964957985	0.4929666067191293	0.4708478337502384	0.7002238409692677	0.3075375664597579	0.8319168322508723	0.3865563736480145	0.3672264137592245	0.45175567361544766	0.7346000542033853	0.48406532028492677	0.2774010102563557	0.44561464107802207	1.7010265176946466	0.41004487090356967	0.45352815632185606	0.34509682254304813	0.502900682050503	0.4692070096520208	0.46844568088890487	17.473248219351554
SMIM5	0.07632561	0.0025023692	0.0075713526	0.0	0.0	0.0	0.0	0.00019183039	0.0017295188	0.0024046921	0.0012155364	0.0027046707	0.0	0.0042500445	0.003835325	0.044384193	0.0	0.009979465	0.00075076445	0.004675992	0.0035835274	0.0020066537	0.021599494	1.0187633	0.01806378025455057	0.02156168070980778	0.1507497059694143	0.0011472604768608583	0.006851530320233734	0.0	0.0003776699627116645	0.0	0.00187400897559221	0.00027322804174901563	0.0	0.0025408778259031557	0.00263912967357365	0.0	0.0026281347244141383	0.00208794404421919	0.005989654335232938	0.0013181830206549312	0.0035524580825242046	0.01935309850690961	0.0006310406384194732	0.0008866587740546059	0.010151312205188022	0.0	0.007850510885025475	0.0010220052610501807	0.003715413273162574	0.0	0.002208677498934764	0.0012311893364416846	0.002970782599045851	0.0013492595748741086	0.006254390842063465	0.01235320675473635	0.0500284262131354
SMPD3	0.23769726	0.00068576145	0.009281553	0.008724314	0.003021338	0.0015680492	0.0	0.004005813	0.0328203	0.0010670852	0.010314048	0.011544251	0.01944917	0.017808035	0.007089014	0.62300396	0.0026451668	0.002749608	0.007090439	0.006438268	0.04528279	0.0029834795	0.031757962	4.955242	0.09898378263536267	0.11995542609981265	0.45812276315381223	0.0011157038918571847	0.0	0.0006060666725283762	0.00391356352135979	0.0023682883802413194	0.05127548770756787	0.040854912733958186	0.01768123643020126	0.0010745463980924282	0.000582374322554153	0.0	0.016680428907817256	0.019577525363679953	0.009454526762457066	0.01324432154735887	0.0033676264985905585	0.0377862803789147	0.02297243554011063	0.02285268209961752	0.009667512807599985	0.010255676384680341	0.01085284679736974	0.0048725247839071706	0.0035027359527433724	0.08333823340279715	0.045042376036261794	0.04703602913437716	0.005430988061646767	0.0	0.08580438785696988	0.05513494772422495	0.0
SMPDL3A	0.05541487	0.13809246	0.024019726	0.043480843	0.09148155	0.4919435	0.23716052	0.51455075	0.06437786	0.29418322	0.11276127	0.120833546	0.13516185	0.11322296	0.33843306	0.036486734	0.6611432	0.80008906	0.5960149	0.95459145	0.049305886	0.37073854	0.13671027	0.0	0.0653878954154892	0.023783403854254915	0.016112627004837236	0.08274102619016603	0.18387869731774725	0.09502509564822025	0.6870101019211452	0.40370595632207085	0.06826677251929626	0.11722151208388626	0.027170105075598965	0.32111436029347484	0.20034260327439238	0.2334109093755337	0.11654383366031314	0.13033650071739372	0.12827985144413884	0.061994625813144785	0.1352548712070964	0.08751678876863384	0.14774865062922188	0.11396447538194109	0.2443862897595343	0.19216770603691613	0.9782268580508688	0.7185958243855819	0.7624200483508876	0.0	0.058497381419764294	0.006384809521284195	0.4908799123063269	0.28787470350460126	0.10891572981162906	0.19478403907503858	0.0
SNHG12	0.37991956	0.20793676	0.07617606	0.258653	0.1546533	0.5844096	0.20288137	0.37729064	0.5030825	0.112179235	0.34906968	0.32309675	0.15724602	0.23613329	0.22215028	0.23869675	0.47309417	0.4626902	0.80557764	0.5666833	0.4175152	0.09202071	0.1922935	0.23476252	0.11709730350373364	0.6626030847594916	0.5029832533175743	0.23128562434111402	0.3392978848561214	0.11664787250264676	0.41463291227427834	0.36354274442829404	0.3900271938653716	0.33957620730033894	1.1616469699330427	0.12867443014497987	0.17127746646339295	0.1718581106862411	0.29347194077779865	0.5243786491012902	0.176305990118825	0.2882388543666463	0.18427026116624157	0.2203314818947817	0.16081341068424576	0.5912458032467607	0.28824656151258976	0.1341064313614025	0.6850218626624759	0.5026935126416485	0.42124052325357497	0.15870594297136575	0.4419246160697509	0.5862913410726506	0.10687379963153955	0.09877206923229384	0.4003195179285528	0.09775299540033945	0.19341489252582278
SNHG18	0.004590482	0.52394193	0.0063414825	1.1448029	0.043896496	0.0	0.0005321923	0.00058837526	0.004458206	0.03305352	0.0006732188	0.013771404	0.0	0.0012350965	0.0034786144	0.007896472	0.0022329402	0.000751665	0.0027845427	0.0045190984	0.0019549222	0.051973708	0.057912488	0.0	0.006804317633538316	0.0035635064490461598	0.006509724829659391	0.5923688282303925	0.7844944760590842	0.41664717488749836	0.0	0.0025604363484759162	0.002700068230799063	0.0074517384049037445	0.0	0.056039907931893805	0.019384550001866195	0.01246463145528521	0.0021720642419985987	0.0	0.0016271226867249895	0.044135694189084036	0.007815500460334985	0.0004793944730924044	0.006835305459611634	0.0	0.0007988509556925889	0.0	0.00514246934731409	0.004295006334678989	0.005330835177451344	0.0	0.002361376769542043	0.001824318817699486	0.04051054980479746	0.011960590391166974	0.06436761775694694	0.04411519874642998	0.0
SNRNP35	0.16213547	0.30723056	0.16023484	0.3398706	0.2523635	0.1889162	0.374638	0.24204266	0.26680624	0.963982	0.13429499	0.25333163	0.06155712	0.12954503	0.21283922	0.05941256	0.21298143	0.20555139	0.14302137	0.19341516	0.27520493	0.22869423	0.25426856	0.28849345	0.18652877933389997	0.17912342288949581	0.26205756265747177	0.29053127254142386	0.3997744233482755	0.301998588722705	0.136123945554568	0.19416857484630964	0.35747250097672867	0.261930811267355	0.2816283629844361	0.264052661785564	0.22943763134662604	0.09997728235028647	0.1995473024695773	0.16128821242160793	0.21231054981446448	0.2808854657683857	0.3873129727162731	0.21369280886883732	0.09546171816831095	0.2512370610385135	0.23251813344015257	0.16384793753726612	0.17391793168688494	0.19382018245425667	0.1463627055298469	0.3064357020638206	0.25867053770004045	0.351931752435013	0.19577255743022046	0.2707937121237587	0.2759734179370193	0.21282013791135046	0.288236954712246
SNRPB	1.2826663	1.5435852	2.564522	2.2045271	2.5469232	2.233098	2.3747907	1.9608374	4.1263285	2.460327	1.4223076	1.7031634	0.90591586	2.2971015	1.6475477	0.9389371	1.2583821	1.19107	1.051136	1.0697858	1.9467258	1.6656797	2.2891753	1.8099747	1.0915920881247485	1.5476028506428583	1.4827441731002873	1.7285434878287973	1.4394174458633104	1.9944411076817259	1.728350445632524	2.6023427157159937	4.273494226662587	4.609189490875561	3.3815490300197295	2.940375920084254	4.4501457695711055	2.4291374995790678	1.9324143719177216	1.3669640182995189	1.5280667013999418	1.4798246149662109	1.7883955542982488	1.9813281019857956	1.2212762276255398	1.4598414184234727	1.7433672393087374	1.0990470584416656	0.8676868475424887	1.2791862680638781	1.096695069791849	2.705057585084593	1.9741275092129416	1.6176709604664579	1.7773008396059602	1.36137536164549	1.7743815130765221	1.8907960469029594	1.3359500614917945
SNX10	0.4400295	0.04478483	0.6643528	0.047582548	0.22896922	1.8251473	1.5991691	2.4769273	0.78157794	0.5657996	0.9798662	0.10394459	0.72366536	1.4067591	1.6161797	0.13349833	1.3168944	1.8698788	1.3461392	1.8033165	0.44097963	0.64025205	0.66063875	0.28657144	0.19431259103742235	0.6285486381836072	0.4989730014812206	0.012436664135554073	0.05531545021156979	0.09465835288713181	2.3508421367128	2.2165374510049185	0.8459761154116529	0.6322720457426597	0.4535681180209873	0.3418349852313221	0.5607506318182355	0.35273458687542697	1.013518965848566	1.3879569557383926	0.06753881129837457	0.09598742268173982	0.08369021956146148	1.652519060921351	1.7072144426567057	1.2207020744326518	1.7991299526160165	2.4112529036901478	1.8021036164929205	1.872652762005947	1.6430106764496333	0.9453988564478888	0.4217567722738357	0.2850323597755501	0.46500889478778584	0.9365537023663745	0.7895594794567171	0.720247913121329	0.8286715980875218
SNX18	0.09363334	0.21969073	0.31353265	0.1553895	0.14487532	0.3301674	0.29070148	0.41422433	0.09801868	0.086137176	0.25301978	0.19386509	0.016338762	0.22535975	0.27091068	0.05203477	0.37306166	0.43228903	0.32780173	0.55779296	0.10876	0.10969706	0.21316287	0.26878327	0.04376994948809933	0.11236009709007726	0.13076433030276693	0.17393848748034577	0.3278488332989141	0.12641024986190372	0.7962662343718092	0.2090047510515016	0.08490597029133864	0.10854923188911057	0.1495933443657594	0.07528186613023365	0.13775671647982066	0.21578329349386283	0.20421105791900399	0.47969044037754044	0.2858999496014164	0.22682871600096574	0.17329960251786006	0.2907533771946179	0.3030403668575067	0.2770749592199395	0.3368597606555869	0.27523226854755234	0.7875554336721022	0.3232129732521652	0.3732016526131085	0.032484310013907294	0.12027323885557	0.07476082607064521	0.1385034355854967	0.09310531772216751	0.3257300863801562	0.1583914885347982	0.26749145396544605
SNX29	0.35344118	0.18372573	0.12326451	0.22233069	0.21338582	0.23521352	0.079773605	0.30063727	0.102372445	0.111316934	0.23669736	0.23039825	0.4769562	0.35158402	0.20508565	0.15075806	0.84004855	0.3037506	0.34870586	0.4634679	0.11784394	0.05910621	0.12984775	0.19536974	0.14654260854951304	0.5083862714218763	0.5505434829003076	0.07608242975873801	0.26974794935648827	0.20818863719375216	0.36993204820712033	0.16515767100415377	0.12208697974500485	0.07144861119035417	0.17175547058110707	0.036607019883332176	0.0967120264821191	0.06086123559275284	0.2671173101930569	0.33799963365500957	0.19581155267330144	0.2777674852879155	0.1519586391240949	0.2582406955778674	0.23269758042050886	0.6433816188248644	0.3035597802468143	0.2482353129008532	0.6254872658472346	0.31561155785894457	0.34516530704540893	0.12672756198164703	0.09417227460236301	0.2367602479707815	0.04211070536508251	0.08056132895764913	0.14663020704270013	0.1458437298036985	0.2753120124611646
SOD2	1.141844	1.0964832	1.9285107	1.0970825	1.2764487	4.7498136	7.494953	5.425061	1.0930961	2.5820649	5.2062383	2.1432157	0.6934372	4.621342	9.244512	0.45335096	9.6940365	6.55802	10.28907	7.1662264	1.0920335	5.0400467	3.6789703	0.62742966	1.1559824792729323	0.9737654062808433	0.32876403758851724	0.7555332658190766	0.6213236044286942	1.4777334654814887	3.483595407217806	9.44534903423084	0.39256787032847984	1.6438281235509669	1.9981364282225746	3.203589104056288	2.3253720444496775	3.9668070525371384	1.8223747143909546	15.642886656934683	5.161343669754736	0.617869188482992	1.628218618953671	1.0556600652109407	11.125371159113714	2.0385411595698195	10.286493337790072	2.66758240876786	4.477750643915228	8.793570802965894	12.696408861283158	0.21418167615865735	1.4380037518921496	0.3101323186162089	4.210476401661761	0.6753127029886165	8.047524935109983	1.850640988291212	0.3427640552117642
SPP1	1.5055177	1.3155977	2.1369624	1.0751711	1.3383267	61.622276	39.087685	39.491833	1.7190281	4.5421515	3.3944798	3.2875187	0.19383405	0.19858764	9.220728	0.24799795	8.430224	46.964287	15.324091	36.62019	1.2075754	6.4022055	1.0711141	0.51720035	3.1645740281658967	0.6432346666338676	0.024304593165018724	0.559533435892296	0.41207096629071976	3.6173419501216997	15.857608961635986	80.60551102305114	0.1195862849375825	2.3979621475872217	0.48965745719736053	6.174421232163727	12.428496675613173	2.375994155911976	0.867389049585561	9.56687074442677	2.01965419429493	0.7559333314996695	3.1390152278808445	0.14186505119227621	0.2030975597500123	0.37385910429075037	14.172159685229895	0.28536586879335973	7.875147503297922	32.6880694948805	109.4915928143494	0.1511763876134699	1.6632511919799682	0.20842612948095857	10.3791343820301	0.19575445817342416	0.8446853219919934	1.1530783881197586	0.0
SPRED1	0.0333044	0.35493207	0.006061791	0.34876323	0.31645203	1.0903528	0.5424923	0.49836326	0.01859283	0.03709104	0.19283168	0.46436536	0.051421713	0.22868837	0.1807681	0.010865821	0.42337853	0.81537783	0.46387085	0.754391	0.012651645	0.043509312	0.096469	0.0	0.0716916832699052	0.00842360318585355	0.0072523229485419215	0.23836448922404482	0.33851106675137693	0.20797861536245513	0.9377719823002644	0.4122024236100783	0.020013383298852258	0.029666269460582956	0.009040613150542711	0.04111885488066701	0.09704042275143021	0.1347440292095316	0.2681503235429694	0.22031615818290887	0.8659506428745255	0.42923924964687793	0.23753439904806659	0.10088548492563719	0.2238366528458568	0.38560177705307175	0.15027920370335884	0.02096980162779803	0.906960265330184	0.4482520680909987	0.7354247262675467	0.0	0.01689887339385989	0.00638934302710473	0.06999419388987367	0.016156680770383455	0.171645660489108	0.08614261514135642	0.0
SPTLC3	0.008082913	0.024803909	0.018469498	0.012912796	0.013281663	0.014591644	0.0	0.04153347	0.015608433	0.4023396	0.0033076804	0.039973054	0.0	0.010876816	0.014262629	0.00318079	0.00318793	0.03709171	0.029923225	0.051684976	0.013842595	0.050458364	0.026081244	0.0	0.025377027617819556	0.0	0.0	0.014389029479053036	0.020413713806483675	0.044023343926260255	0.08596209555303037	0.018246755626390474	0.011812790229411467	0.017790534592093572	0.04619486056841337	0.05168879341358324	0.04781583833380512	0.15551259083113647	0.0036194369040962048	0.0026559657987392255	0.026543928481588156	0.057896843168093515	0.044243570378579504	0.008288541097712506	0.00779263562724736	0.0290837929399677	0.0065939658378671075	0.014362142225877464	0.08573266604524202	0.02996280730854082	0.028028884215514194	0.0	0.012950111243026233	0.02672343037604499	0.06687961162797273	0.037353255603908946	0.03523522909800435	0.028700546257281155	0.0025722843477095675
SRD5A3	0.090223	0.24832648	0.18152216	0.2080404	0.26651442	0.60687035	0.13971774	0.38885197	0.14858678	0.2197617	0.21849672	0.21538332	0.103087634	0.15907797	0.19559552	0.042637408	0.31088132	0.38551512	0.2334634	0.34069657	0.06860702	0.15491489	0.09874748	0.05762966	0.08728271082651656	0.04363132041671043	0.2413875822581103	0.2117961348194663	0.2861173964566918	0.2540826072490322	0.4197162249929424	0.34471794351965024	0.12255365032505464	0.1957845668170134	0.0892133165013578	0.294333738974912	0.2665096032127071	0.25403202960056626	0.1831789887693529	0.10729370599895757	0.17634744416349854	0.23153544445214141	0.2752752891043295	0.1582683411848303	0.1704346448545238	0.2435522666225024	0.18226371362644958	0.14714937600270228	0.26984270851934217	0.34770966382629	0.3567228062699987	0.12009989735368011	0.0645724684513278	0.07729335358130776	0.181764057656602	0.14159127098198154	0.09994565965294756	0.14609282191223688	0.08100042775560014
SREBF1	0.08905813	0.105096705	0.03242387	0.07672497	0.26739037	0.21793905	0.26969293	0.13701093	0.20846646	0.21996132	0.11273403	0.1588263	0.0057885116	0.1496195	0.22471805	0.13483281	0.11487201	0.41116396	0.19574018	0.24031682	0.11636107	0.22351098	0.1561441	0.21793157	0.04123157186388461	0.08376757373680753	0.07308213040971406	0.09650952651872441	0.15816345833830092	0.06095433214658135	0.205813331921956	0.14119455644577028	0.18273246136212873	0.12422988567248293	0.30882018952938667	0.13282538815440004	0.3243663061812822	1.3318299692839823	0.07799459815042739	0.23076810340902665	0.24362985382209698	0.24023045994962575	0.08485574327126051	0.07148153033391633	0.14235603014749618	0.2645688357510494	0.14238003788909648	0.05651563489926543	0.2789166193261057	0.1686422185014021	0.32830214283624387	0.06868398530142648	0.11236242461747539	0.10153838032173458	0.38441795222326974	0.107010917852972	0.21309319951151376	0.12743311027999676	0.18689031359007335
SRRT	0.23747984	0.23549616	0.6663511	0.5323975	0.47350842	0.46087798	0.23311326	0.34007904	0.7679303	0.29515195	0.24010952	0.2411721	0.29331726	0.250376	0.27982605	0.15169123	0.09593913	0.21051624	0.087208055	0.19711229	0.5634482	0.26394713	2.2005703	0.1265662	0.16206093012660916	0.23666021797298534	0.3375135495063543	0.21354400369799373	0.3564791982854133	0.16417241416066525	0.4027520219983906	0.2681363801870004	1.0187241662426616	0.5667034441597032	0.7482608050922355	0.2383964167759769	0.5548248402254468	0.19659340487325133	0.24452222536555054	0.23500309578249717	0.1966608232621637	0.47956913635235854	0.17950395398992294	0.5005167117835928	0.1498101178572049	0.36060289650562805	0.2873422279976068	0.310574954555656	0.20915261558344816	0.1403960932214302	0.23556765581763134	1.2657415167077795	0.4616050263346593	0.5627391630485057	0.18544872015574362	0.324701605082431	0.31663151165317516	0.28647187144309283	9.65338166086595
SSB	0.9232313	1.311838	0.86843055	1.2286733	1.4427714	1.3535888	0.8940832	1.52334	1.2585936	1.6934359	1.1865456	1.3291056	0.6020292	2.5666788	1.180419	0.66993284	1.0277606	1.4692065	1.3254285	1.3312844	1.2524445	1.2069227	1.5361516	0.4398657	0.5671328638646274	1.0260973024464997	1.027232765839698	1.1973114331821928	1.6082755622995715	1.7317570801455395	1.569582214165628	1.420937141831091	1.4383557032383658	1.2201742924139618	1.2246515454243267	1.1216550081127044	2.195386041245608	1.2161638306866727	1.2019038520026646	1.21352982774179	1.2806280157848435	1.6453671203204319	1.2820594586605236	1.5047128408561345	1.332836626376335	1.276954691885201	1.1874945784735595	1.4166623486032783	1.3936841544808656	1.0999394708233297	1.4447572094148895	1.822169695272074	1.1190959199803818	1.3617297681380591	1.0958427371013557	1.6889871204196378	1.0602441529168056	1.411652060964387	1.6784144635472187
SSR4	10.625423	3.422657	11.58465	3.1314964	3.1011589	3.222035	3.659655	3.5528436	3.1407266	4.640715	3.1876929	3.1280098	5.699561	2.927718	3.4208446	24.674408	3.6817954	3.574398	3.6058338	3.5204663	4.494111	4.852946	2.9215865	9.647358	19.86043337532629	4.986115194369562	12.440246581206578	2.995366025741312	3.543846626024373	3.188091293036466	3.549915016386974	4.1966912612855785	3.4149357422790185	3.492747812739688	2.1569347154642413	3.5499954088000565	4.649693505969552	3.153001828499028	3.6634472158004288	2.5171791722449406	2.05304218925586	3.5521974434215693	3.4103840820172877	3.4610251664021034	2.8123149411279225	3.5286221776783178	3.5994312449684953	2.883498963397785	3.2089119706087854	3.820313262491222	3.4565373488813673	3.6081155851289823	4.176840812898513	4.637877926926864	4.886680072306624	5.729077406963762	3.3377168157845336	4.12485681047417	1.0396033054179403
STAB1	0.074009106	0.06748527	0.03814613	0.085906	1.1423202	2.780854	1.7072151	1.5704124	0.04387369	0.033188894	0.3692551	1.7702956	0.10385536	0.5368216	0.41400442	0.07786391	1.7193067	1.8031738	1.647289	2.1422496	0.101675555	0.0486003	0.2746603	0.0	0.038849776313895086	0.05164882658974196	0.006444212552663441	0.11586387567905186	0.05807733219859634	0.08142986084411	3.075849009875405	0.9942069828080273	0.028592386193555207	0.08892254078138133	0.04856243431365271	0.07362279890320991	0.026862000679132067	0.023591822973025842	0.4131826716048153	0.4752754867481405	1.1262224995856769	3.1699823884890304	1.4322988010152524	0.38275780556452843	0.25481808869472466	1.4344474203940434	0.5372059514919786	0.48728084635733804	2.3895967538198817	1.168598107705174	2.2834527047535476	0.47576515457846896	0.0804973882383436	0.0035311938678434635	0.0577660252539401	0.01374493731340883	0.4649366730504247	0.38873630410618926	0.0
STAT1	0.71848917	1.0597335	0.9515159	0.92843574	0.6399215	2.4586902	1.0510584	2.4837434	1.8794378	0.8244087	1.929983	0.68435925	1.4643576	1.4805063	2.0057628	0.6738504	1.8228736	2.605338	1.564732	2.2200139	1.6228602	0.6927093	6.2678223	1.6213021	0.44796653049779633	1.2558139543995013	1.0410339725960815	0.4932455924943857	1.2256563877445852	0.534333820418571	2.002914749668518	2.995387172316059	2.4897374272682584	1.2488077381330394	1.6619879802609072	0.8849208331825674	1.5033158601580703	1.2129003083177388	1.7702136495218463	1.2587590816114356	0.6084124579128986	0.8272458996474977	0.5084536130070844	2.834109223575738	1.4506959596610969	1.7061143102190373	2.2548202194262004	2.42018702149595	1.972850057348403	2.054347432755104	3.277474204614067	2.7375802102027	1.3477021811778414	2.423470187884005	0.893990094185586	0.5688779421861698	0.9725597952303543	1.5641081884675185	29.21302767405849
STAT4	0.15303758	0.028248472	0.23117432	0.004599789	0.022075033	0.09027022	0.025429647	0.049101483	0.5372246	0.057069045	0.08343038	0.029543811	0.16111055	0.13534182	0.09340285	0.03812667	0.014637261	0.059891563	0.08048066	0.09599263	0.99664533	0.025235727	0.38234293	0.35200706	0.06656461391755047	0.16052662800907141	0.10317512677133607	0.04286446614747465	0.012638525316321326	0.04321241053408833	0.07330355465809682	0.06326167008636628	0.5222265600942266	0.45255945118296675	0.9707742465580337	0.01661966699820309	0.008950355171546392	0.006463804121675162	0.06279286750928559	0.16831961852252686	0.06568738231902353	0.01289092056878336	0.03097201645282264	0.056444553433056106	0.2502778999522574	0.14529177652002245	0.11229925639009233	0.06802899093419774	0.07834367620184449	0.07803921713066238	0.1368141021259839	0.9813294621257038	1.024382459222301	0.710040286969462	0.04120006586952237	0.016000367053929845	0.8800708936993369	0.07537021385465967	0.27946211885955097
STK17B	1.3488363	0.26644146	0.85356474	0.22599213	0.23953727	0.44183904	1.5746839	0.5872333	1.9461954	0.12615219	1.7720033	0.28822657	2.1407692	1.9500268	1.7641878	1.7584314	0.5347536	0.6328617	0.6018487	0.66256267	3.1861148	0.14345084	2.0588887	1.4977381	0.7085373912540889	2.283925352279714	1.6600973373367605	0.1424644402253525	0.1599781375417967	0.40825958598571066	0.6807440660576667	0.4601716122964624	1.894439566074602	1.466016039144751	3.711397903391158	0.13575285840737394	0.13986753340460792	0.3246550776101098	1.6559224243302568	1.8940110711753164	0.4305472060174051	0.23722919932791633	0.2182018274374879	2.8263632173530975	2.484567899384694	1.5324780764380663	1.4083402743283995	3.6670206676381243	0.8276961974027076	0.5622008727360076	0.6195556625514893	3.175257179953835	3.1130457916643026	2.6546590824751557	0.17543096104750694	0.046139395156086255	2.34379317677904	1.0877357649288653	3.854584491374402
STMN1	1.137911	1.1750603	7.7552414	8.138415	9.819672	8.451269	12.10964	9.957048	20.933537	6.6805353	1.4815451	2.4952657	6.4438696	5.1174717	1.0347476	0.94447124	2.4738927	1.7974163	1.7927563	1.7131189	1.8495429	2.9526389	2.5442836	2.2662015	0.9902711513485943	0.49302638943833516	2.0577739291948234	1.0598966635778149	1.136019408668162	1.4665773630167585	8.244590684095098	5.9712742716070775	25.533539345228938	17.509321486553414	10.716838810671021	7.772844016423926	5.719440250440413	3.0755472643622035	1.288405897056072	1.0941524627199728	2.0272805728186705	2.4311167001687077	3.2321336264231473	5.6294136072524505	1.0626251875874468	1.2514599421387755	0.648205857590328	0.3572494502157565	1.7475946039448045	1.903476895010434	1.132533700638442	3.763733499700373	1.213426488101169	2.9706355215414595	1.1636040030493982	6.166273778766968	1.1286439507724972	2.5779286901010026	4.088705207542765
STXBP2	0.24579702	0.16457815	0.39843732	0.10985652	0.1580079	0.60411215	0.33290344	0.7265461	0.350886	0.20971186	1.062387	0.14092588	1.7102828	0.45910728	3.8603194	0.10497147	0.66484374	0.85004425	0.6661252	0.81906	0.366795	0.19143637	0.33014148	0.6033967	0.2632963622513218	0.22941076091143164	0.16888631774566432	0.04632207475608648	0.30690655058731525	0.16403398622224322	0.5189178969370305	0.7885212446127646	0.26624875296067435	0.5393216600295473	0.22833248439331782	0.22613350204361532	0.20899927776546876	0.17172763294774324	0.9695854767284658	1.2275914714232536	0.08498880409249267	0.17545951359108142	0.13608468037054344	0.4987952029088716	0.7951337324268908	0.4974966751798523	4.027650516407551	3.259117492776213	0.5076966466397262	0.8630422437722105	1.5060570688473134	0.5012124241172493	0.4379722488878353	0.14235247896562428	0.2514159026135201	0.1072360871585615	0.500841568615074	0.5165768883633642	0.15784711257776782
STYX	0.1068946	0.11326107	0.6756323	0.25916907	0.2044813	0.22582126	0.07939537	0.23185468	0.22559662	0.23421212	0.16325791	0.17034924	0.21328859	0.22782159	0.20462917	0.049335435	0.09115562	0.23859473	0.108148515	0.1618301	0.23700285	0.1432142	0.20003319	0.12859744	0.06827826584881753	0.22252399411908017	0.10175068355913715	0.13015172928899904	0.14101017275321132	0.12794818484843806	0.183830861217499	0.16860032875436776	0.28499650785078395	0.16463190031507832	0.20421921385742517	0.17988980108659436	0.1610385878559452	0.330528785677379	0.19508732987317376	0.19346551145443275	0.28351662759832125	0.18837466801381048	0.12343328606838423	0.24314067346301368	0.22420359720514715	0.1729896457780633	0.12446465598199438	0.22643895741909584	0.18667262877434387	0.1474774042820326	0.14916716122202048	0.3144724545540748	0.22759506277741873	0.20669898151060517	0.18261487003103294	0.1554730597088361	0.19384974798826846	0.16345016666816775	0.3823161640763651
SUPT6H	0.2970531	0.24706835	0.17268717	0.33701575	0.5988668	0.39478156	0.26044866	0.3103488	0.361656	0.45339236	0.52504945	0.45944607	0.16789982	0.5877965	0.35001504	0.3152845	0.23408641	0.21726067	0.22630545	0.2880046	0.3924982	0.27991638	1.3539357	0.060509197	0.1065254389965701	0.31751512969975804	0.25465007107566806	0.21743960084335343	0.45178641201469255	0.1480584409745176	0.3752482074606218	0.2624938251739765	0.3197986706661045	0.22375361730020651	0.714696135040682	0.15217813022245968	0.39553288796798514	0.5561604637230558	0.33664166465616285	0.5099991526324106	0.7423293648124256	0.7367535063640973	0.2672972010526746	0.3610712752899624	0.2201059473894311	0.5064673871463493	0.38284293509893474	0.4673979472877565	0.3476913351630113	0.20866954999995566	0.3153573175432197	0.5568435990965211	0.3460320075843503	0.3022528842139558	0.24656965374085812	0.31893368055388205	0.42584894136729	0.25478406536003617	3.234814505728941
SUSD4	0.0115414485	0.016409859	0.045984313	0.03197966	0.0011911977	0.018147971	0.0120172165	0.0026334971	0.028972367	0.41172266	0.00035688025	0.002911905	0.021155087	0.0016376553	0.008757743	0.0021027	0.010458662	0.0026401994	0.0031080423	0.0036841608	0.023679826	0.063085064	0.009317515	0.0	0.03162313677076309	0.0034172411675037406	0.0	0.01950688190431692	0.01068360480133851	0.025487563094509395	0.0012665313559693174	0.006353665234672565	0.03518104936472521	0.038562229986931054	0.0081247724263014	0.2182555563050617	0.03576968053851344	0.047864948000226705	0.00042129151303978526	0.0010620022371971487	0.0003732609186778989	0.004616440211661939	0.003443640331156125	0.003625534676216744	0.0037065525735993873	0.0009295201216120019	0.0009894409340996343	0.003405704580504319	0.0019391278260582024	0.006020692353054474	0.0026825239859745525	0.0	0.01828149387769499	0.05704306601116666	0.11025424502485148	0.004681567867499992	0.01573849056179375	0.013638690639195183	0.0
SYT1	0.05663153	0.011573695	0.0067765103	0.010588958	0.017600726	0.037580725	0.46665287	0.087904386	0.021199021	0.037664544	0.0011515053	0.02863178	0.0	0.0035990137	0.0055161365	0.05511921	0.042628206	0.08731496	0.04740329	0.07981215	0.005430448	0.049970455	0.027205383	0.0	0.02798293913218419	0.1170231525117215	0.1007145108951516	0.004562275812085492	0.02114037838401037	0.0055367649514493	0.19717503283832694	0.03097132774517674	0.013162895945543155	0.020542224691639594	0.0	0.0640408962459998	0.11075361820219062	0.031156065135166562	0.0	0.004836322217598528	0.015775761690857943	0.03863225639480115	0.047090890796250166	0.0010701175025432785	0.013215053806912841	0.002430974796254148	0.004710369547741934	0.004445137898566314	0.1408398447415398	0.03793424882975738	0.022462354058428488	0.0	0.008587429994056699	0.00029608335455730934	0.052104618348421665	0.06957816772932453	0.006917118167160696	0.056351849211595764	0.0
TAF15	0.45375052	0.5139578	0.47461855	0.542227	1.1291783	0.5789014	0.44940788	0.5405615	1.2232971	0.8414804	0.6255762	0.74365103	0.5731646	0.59102094	0.49368072	0.31693238	0.41341355	0.34433025	0.2894376	0.39415503	0.6676747	0.47460204	3.0582178	0.3292808	0.13795912736176025	0.6498094556608278	0.6032327286631747	0.37949695864303457	0.7378611688258978	0.3507609433177656	0.6192699600818574	0.33714488067508896	1.7395197287520427	0.6379909264661967	1.4140492428867368	0.3781775217997208	0.7420692830153255	0.7486912234076138	0.5100287949655259	0.680533568548796	0.6681399858052876	1.1285892919586995	0.55539991623731	0.9380805354265691	0.4835530329759919	0.8073122650577083	0.4943529355225594	0.5555249248818335	0.47389069072242185	0.28181576616950615	0.40706142969227377	0.6980777616624708	0.5533075947518484	1.034234718124806	0.3828975579183417	0.6383869755318803	0.573482874037232	0.3932398868800359	13.656435433821787
TCF21	0.0014269389	0.71197915	0.0	0.3289326	0.019531906	0.0	0.0	0.0010403446	0.00088335405	0.0006558403	4.8527665e-05	0.022846818	0.0	0.00020937217	0.0035694374	0.0	0.0033593723	0.020973155	0.00086089055	0.00046453887	0.00057386013	0.0020892022	0.04302948	0.0	0.0038585784624630363	0.0005778866560594928	0.0	0.4364971286713949	1.2963828360225922	0.5190561564924485	0.0003776699627116645	0.0015875517905175269	0.0	0.0026173455905728407	0.0	0.0037580505225602552	0.0005154094538036792	0.0	0.0	0.00020381620727614474	0.0050926506127494725	0.07627232015475795	0.00809429491930401	0.0010468608382120299	0.0	0.0	0.00357966487763694	0.008880978452979527	0.00021009794543181296	0.001216297903862817	0.0006739906566914965	0.0	0.0008427708590049511	0.0	0.002773858326272308	0.001996806689671108	0.06649359360425963	0.030184444755396583	0.0
TCF7	0.2193706	0.11027231	0.07878516	0.035000283	0.11925635	0.033107735	0.010328141	0.043783993	0.48699784	0.052969463	0.04230842	0.08814334	0.17676345	0.03409306	0.04256525	0.043809965	0.04230102	0.045707554	0.11345025	0.04218818	0.8753023	0.11874966	0.22379625	0.4765718	0.11567984600520136	0.21093485861519315	0.23605330893651189	0.1759188488770185	0.013820293278048668	0.1814706368834012	0.02693287696566118	0.04392724157357698	0.6997544063021479	0.18006543720909718	0.5659154013372626	0.08938756935638607	0.11610391183381341	0.07651059063784595	0.04488593085265982	0.06312900166825422	0.1451653661314747	0.03387196253394495	0.1532303689191096	0.008734894685308702	0.10443148570199429	0.03218712488125162	0.07511275173770862	0.03951014498340568	0.02267271889890582	0.08512301889047781	0.0373256513737475	0.2356053488595145	0.5078389238178486	2.4614333541800706	0.0793383168333422	0.1982954952698559	0.44804564292113136	0.049130822554850934	0.11185575491908709
TEFM	0.092053264	0.11926165	0.13131845	0.12945591	0.12009084	0.12371764	0.062630855	0.19009605	0.1241561	0.102648735	0.111887224	0.1389917	0.021297332	0.11680069	0.055576555	0.05057745	0.06906805	0.09732104	0.10212765	0.108047865	0.12363909	0.10048114	0.1054854	0.03461045	0.03876520162862769	0.11046790605651968	0.08386678928747822	0.08069460057242873	0.1914516388597775	0.08270673384357777	0.1121389450047666	0.07951744538430573	0.1417457490689751	0.1065045115678736	0.1123308462148362	0.11913616173526509	0.11158826854512079	0.09038538768373687	0.08819253869310284	0.1576187726115066	0.14254820747208957	0.1554455709394196	0.12071346128512703	0.11720533874765297	0.07550940393296066	0.12479802160825432	0.06633723151330238	0.11825192040520544	0.14938560951020352	0.08689164737196116	0.06827415805927357	0.14485424741522057	0.08668647901573419	0.18070981270712153	0.11906799325776464	0.1218450823048997	0.15283084428927077	0.10470579511732807	0.005779461706838299
TELO2	0.08343541	0.2577483	0.085584566	0.22326195	0.6234928	0.14412038	0.10596088	0.19064105	0.15596685	0.06696901	0.13014852	0.19548006	0.012604279	0.11596985	0.15964212	0.021662809	0.034150276	0.25431636	0.0795672	0.09909454	0.0828141	0.09077545	0.22691087	0.009333125	0.054563774521903065	0.09148893984963012	0.10556486024799355	0.1322285281345121	0.1694079916827799	0.1397312429373958	0.12255143457166509	0.09647431510778469	0.1550736824310272	0.136276076113001	0.11102901763066586	0.12102584930868492	0.14647908632673545	0.06675737045081379	0.09102298757850744	0.08369795449146153	0.1358074512208154	0.3130769680375749	0.17017249087849157	0.0715512352943159	0.07142421615427334	0.13385812081563017	0.11253130999479125	0.04292143490771269	0.08456892926140745	0.10558730317406188	0.08751268667687881	0.0768731682331531	0.08678567936290256	0.09996332577102864	0.08057326227634323	0.09601836858361011	0.06442541103761207	0.07931355374434028	0.4614992142839455
TFRC	0.4211856	0.13586809	0.5054358	0.18745506	0.123288155	0.7670617	0.9820693	0.5575869	0.42738557	0.24702537	0.4018121	0.13910188	0.1891269	0.45552924	0.40553552	0.18293998	1.0581658	1.3143332	0.9029067	0.93038857	0.35372624	0.44609085	0.70855945	0.48650807	0.2420114895482692	0.43950860741789805	0.3205260767502346	0.07842771495460595	0.1955141243608033	0.2197130800413561	0.4470968998636514	1.046080425190032	0.3092803362050001	0.36668675422754776	0.8680224937004821	0.17762085609945555	0.43601247729279863	0.791581211184046	0.2108365839011778	0.7389383647199527	0.2533934149795843	0.07482930191720107	0.08168925920886286	0.33245688487388425	0.8200421288800721	0.49505342061008994	0.5923914501642028	0.15738367220981905	0.7040568102594364	0.904576407219677	1.5503483866069925	0.45744185633473583	0.418086466938166	0.12929674442517305	0.3490429240156094	0.22656259518368754	0.31027729556380057	0.3729956569087358	2.0183415121146777
THAP11	0.11079575	0.15908259	0.15879244	0.13678178	0.28229877	0.23913841	0.14688486	0.21869774	0.3074583	0.23894088	0.6776436	0.1610438	0.027420467	0.1394683	0.11426151	0.20131588	0.201336	0.121156156	0.07742827	0.12013306	0.20868842	0.13674797	0.16017951	0.06103959	0.07586926189650785	0.09337830478039714	0.09756764911802716	0.20810836580009423	0.16033246339192442	0.20959771098631466	0.15774774626526045	0.12136879134501936	0.2526462768557022	0.24271009968434035	0.19487744748839692	0.08828357815260793	0.13998429870029258	0.11423961799133	0.09877411561013567	0.11929206916898989	0.17382948067846454	0.15892108441898134	0.1743422953808956	0.24696767281957882	0.14904935908627343	0.14218161473896124	0.14659987016088732	0.20940590163209793	0.15396927002929003	0.09725248091993806	0.11658369665110191	0.44002150374573545	0.17731837543174883	0.2558244006479757	0.08696514016933578	0.2413146444489469	0.22323146497327556	0.15902921101835218	0.17927587705052778
THSD7A	0.018331327	0.0638086	0.0053352984	0.05855507	0.6146847	0.0007949	0.0047897305	0.0016787641	0.011585037	0.09255241	0.08786381	1.6225885	0.0	0.015057258	0.004768757	0.0035574373	0.0009980517	0.0027846547	0.0015291107	0.006044273	0.006076549	0.17212954	0.09448181	0.007912867	0.030254921123548006	0.005791873438109572	0.007884843782945112	0.08272194659592093	0.026628568957677644	0.03691114259697476	0.0026541146759637116	0.010623015833276137	0.0	0.019311717801417314	0.023304642115716086	0.06009153425488286	0.07872402483610365	0.28791547502790177	0.004708837011586065	0.004912766673900626	2.5369518546909537	1.6713436677890887	1.0620473405520963	0.0	0.017573087405815188	0.006582227438417602	0.0005863401994287256	0.011443899965834343	0.007878926564193972	0.004212613010944363	0.004580585835181726	0.0	0.009154664223506595	0.00044073111287794596	0.20988791069659107	0.2411069623441621	0.0993990754133396	0.09404768893178733	0.0
TKT	0.99589807	1.0500726	1.7907736	1.0799054	1.0678453	1.7129698	1.4395832	2.1788726	1.4313977	2.2392452	1.6272665	0.84353936	1.145268	1.8647014	3.9693465	0.71853757	1.5754963	1.8556503	2.2167525	1.9684484	1.0276277	1.974222	1.6058565	0.4205153	0.70178291296308	0.632732440187292	1.5855725072782858	0.7547953265436528	1.1474093947403776	1.348347273328492	1.7303026840149005	1.5114258001278735	1.3706526566257762	1.5520115318086554	1.164950763878975	3.363356394829773	5.86520870586746	0.9795018135033218	1.8613121223072082	2.144262759781078	0.6881232918783627	0.8228398522501904	0.8322242538314908	1.989655755875135	1.7508614928718835	2.2990691211612755	3.5070371481923246	8.254738943526075	1.851828547079249	1.9764142821234143	2.0551363815887496	1.5046730920865938	0.8343646291880783	1.467748587449269	2.729126952363812	1.18171775376546	0.767932019426959	1.3402086099500885	2.2826831086622015
TLR5	0.004297819	0.032432586	0.002164306	0.017081233	0.017979246	0.094373845	0.061109554	0.12924907	0.0074184514	0.008220149	0.10547932	0.028169826	0.0072301077	0.092027195	0.19449183	0.08191101	0.154794	0.22809252	0.5548234	0.25504476	0.015461737	0.023740582	0.024845287	0.0	0.013348031379716964	6.184753961500296e-05	0.0	0.014828572958758765	0.03509179610601081	0.05645563797954106	0.31010798818931773	0.0711098613444641	0.00861846459472349	0.009576905540767799	0.008435195526190563	0.02689241324145288	0.002620088273356173	0.014290490217984016	0.16758106167230666	0.15279893889223845	0.03245626148860913	0.0374818742258713	0.009969966809837229	0.11698208729767837	0.15789762067868213	0.1459099719869746	0.15111017386026146	0.4195442163793851	0.3842807039541478	0.20762344876082772	0.12764212640435701	0.06430363569940839	0.007035051844499568	0.029581718247921697	0.030640266763770473	0.014530289286482199	0.027909223572110082	0.041624504032842645	0.0
TMEM119	0.0008208683	0.15556549	0.0	0.6116507	0.0024833442	0.014478368	0.0	0.0035669866	0.001052705	3.607647e-05	0.000738306	0.001956699	0.0	0.00023009986	0.008073154	0.00090768636	0.12504846	0.20005648	0.0045979694	0.04133033	0.0023391189	0.00072149077	0.032558642	0.0	0.0	0.0004390834153502777	0.00263107972701794	0.0893943350712249	0.13820612319238276	0.09472708238058232	0.0077697195209466005	0.005167812120821125	0.002409631580734408	0.0005032440823348154	0.0	1.6116324124380062e-05	0.0001382313987128755	0.0	0.0016744615241563114	0.0009221863578351949	0.006486986095307808	0.0017203394601376892	0.0005206297485932816	0.0003600833948292484	0.0008653281865037463	0.0	0.01596626196887675	0.0	0.02298918431397422	0.025258170143758057	0.003604670195278288	0.0	0.0033248761937879545	0.0013211509895500605	0.001847874535720329	4.441372486723571e-05	0.0367636203908062	0.0014653477151260956	0.0
TMEM209	0.09966278	0.07554829	0.07535671	0.027120741	0.17011416	0.17946264	0.054140747	0.11871443	0.20541784	0.83404064	0.08635206	0.09015692	0.024687815	0.08156735	0.103258654	0.052869797	0.021511747	0.088646166	0.062466044	0.082789354	0.11574451	0.13442993	0.112695	0.17289416	0.08141922919583189	0.07298213446351326	0.195844962712397	0.05315999010609057	0.08508199993303434	0.06657120987417517	0.10921133866064223	0.06187997962960525	0.19917214012188036	0.12070417011687173	0.32007297999665874	0.10720848976257434	0.15126035444286412	0.17688983731669158	0.08042349638873278	0.06991786680804796	0.10761464748785153	0.07175581751749277	0.09941461324440888	0.09839391305259024	0.07439146465584213	0.05130620744489202	0.05265690376342541	0.1072682367340812	0.09885592092343173	0.05834895053481365	0.05722849830238272	0.2526236583660175	0.09794796958325361	0.16019366572475424	0.10850337023502034	0.21488590334131472	0.0888542574014774	0.08305786036921005	0.3761647073986729
TMEM217	0.007068876	0.021692174	0.0019177485	0.033433516	0.06553273	0.025192171	0.6115273	0.0131869195	0.021161385	0.002417644	0.014969121	0.02496079	0.029746562	0.037948105	0.01309881	0.0	0.0	0.009903827	0.0045361407	0.014793485	0.013211837	0.007597438	0.027517876	0.0	0.003485613004737866	0.007008549885655149	0.018371087132078228	0.008521274192841339	0.023749365298118268	0.012282803994773637	0.009049471505765325	0.023869627268199384	0.01266980043293517	0.02204187867771734	0.029572726746576024	0.0027679525910693174	0.010319387789342403	0.0017076928553910091	0.013643612773184625	0.04046876246717227	0.03882432045664594	0.03563045153633362	0.009694014620168712	0.004591389252531996	0.010031492902524305	0.03785433497702989	0.019199144936733532	0.0	0.009713622119499415	0.016142943987528358	0.02592101530151743	0.01898928369794573	0.015378124975168755	0.007115225612139795	0.006130205189146283	0.009071601181946309	0.03132101129692992	0.011859356114413187	0.0982744834518637
TMEM233	0.0010284155	0.042601082	0.0032076968	0.031569097	0.8785051	0.0010457796	0.0015965769	0.00064665114	0.006982469	0.0040681376	0.000516174	0.49389112	0.27511537	0.00068744365	0.0034727503	0.0	0.0	0.00041169216	0.0005184555	0.0032008202	0.0049473504	0.005277773	0.042356275	0.0	0.002536650004454975	0.0006540356657847745	0.0	0.15486532180507326	0.008925463645959772	0.057937732549950445	0.0018324189415796692	0.0026431032625748537	0.005327582128774444	0.013068926142778733	0.004374039911590846	0.012769774939035002	0.010224292108721241	0.0	0.0	0.0021679306371785263	0.5784629454467081	0.5203536223712651	0.49270712006254674	0.00030772715290157784	0.0036892130609317065	0.0	0.003295620534215038	0.009419916684714737	0.0018110636496778709	0.0014362395048393142	0.0002629231744587939	0.0	0.0065408463307147285	0.0022879549586972653	0.006859697306990279	0.003951446764236163	0.05972969478163154	0.05791209968822597	0.0
TMEM237	0.024427362	0.15133567	0.02168917	0.3153213	0.61758685	0.09042982	0.08391169	0.092538	0.20350346	0.17412071	0.039178073	0.09814015	0.003063181	0.021096379	0.044843312	0.0064033545	0.014441026	0.021656446	0.02207101	0.03191642	0.024260622	0.08091293	0.06293388	0.021906942	0.054810722700255214	0.010573305021519193	0.0053668569015498215	0.07672797813103131	0.09471332344478779	0.2082739587748275	0.0875619671772614	0.10259903956052896	0.21638992661146905	0.23481876261441462	0.09138903993124312	0.25857731585882865	0.2118807372805766	0.2811079383483661	0.07118040987728982	0.020617728861001917	0.08016180757393017	0.13556976931968318	0.09892502239039133	0.058984419247948436	0.021818055062820925	0.02154187576974281	0.03185992580603878	0.008623338048982618	0.02789018100811363	0.030577546244121203	0.029214802445436474	0.015062963962554932	0.02666297592487944	0.02856435852516392	0.08170823721527028	0.10111671031071742	0.037435922196375	0.0741539369834104	0.044825196611725564
TMEM37	0.08869274	0.09737981	0.068483464	0.019787563	0.15637611	0.7729753	0.53000325	0.7019114	0.09593119	0.58477867	0.024011718	0.16668095	0.03187737	0.056980323	0.020761263	0.12948754	1.3831573	0.82916546	0.61584765	0.8485323	0.07578215	0.8287824	0.16814753	0.0	0.1745990139747723	0.02284067622302363	0.0	0.029680676310411037	0.046087747417240074	0.15624960817769895	1.08414724137579	0.45874904807799205	0.04732152904741915	0.21216492706880472	0.0	0.6652313668381677	0.456250126273775	0.08663254277459506	0.04728767462308008	0.02452264730463458	0.06293057971118057	0.21159997062300206	0.2279643942584101	0.05011225691920465	0.04537772112257916	0.11483430554505428	0.03174612020768389	0.03537576636093761	1.0597815618292843	0.7544262185594304	0.47293828491393936	0.05093517086722635	0.10639839671881504	0.001021344449538272	0.5032322918894986	1.4228890524071227	0.0946599226374862	0.34294933630690083	0.0
TMEM54	0.010025497	0.20395981	0.026071532	0.23043835	0.13425191	0.023417069	0.023233574	0.015367013	0.036319725	0.67982554	0.00042808583	0.123078525	0.0	0.0054106447	0.004161108	0.00012914947	0.011974842	0.008395234	0.01642271	0.014636653	0.010830942	0.20658746	0.029794121	0.0	0.029511841257682133	0.0029448730061310065	0.0	0.12699468082495705	0.12008873790562259	0.08916645409511706	0.02001897755694757	0.04905986848899581	0.003710994431133827	0.06984254680896229	0.12415573994318645	0.3117022298766803	0.5654131450163722	0.047852354449004375	0.0006712806000838946	0.0008581675415839104	0.07719418536202088	0.22007091588782726	0.10591014651225471	0.022413332858662732	0.005429318024234567	0.0	0.004642599138122891	0.0	0.011338503237045518	0.021827593580374213	0.022094447341329822	0.0	0.01586100333306558	0.0006686658386790365	0.24140404580202063	0.21908803051723996	0.03636495646289067	0.0491376415912567	0.0
TMEM60	0.23059845	0.19830386	0.16327642	0.15409113	0.23437499	0.5475465	0.5040237	0.72492254	0.24377295	0.39857224	0.2042225	0.16599005	0.22820729	0.21690501	0.24026185	0.057380714	0.22624819	0.28072897	0.30780163	0.392631	0.20742147	0.28459322	0.18156256	0.10119391	0.13612301980139466	0.30362192105040303	0.2534911476910636	0.2013932553990683	0.2401608959482569	0.257665105092763	0.4802584836138384	0.4137211104079587	0.29913920416704154	0.3206251504096531	0.09348208200377411	0.4162601443941482	0.4343316370448143	0.33722681928737996	0.2113963976252026	0.18598792957965166	0.13068793984925833	0.2256966483482133	0.19189904644513847	0.3254621971015475	0.32857836001140794	0.14263879329659027	0.23473795034695696	0.18972442592258346	0.3593910439187537	0.439517593108987	0.33861163377936887	0.33723022782957396	0.21189458089990582	0.2077094991628485	0.2646675451959599	0.3842028779957938	0.18484472751236158	0.23753372821960309	0.07405984634650394
TMEM70	0.42872804	0.32118183	0.45088086	0.22577226	0.43299693	1.2601764	0.5968779	0.8016771	0.5279256	0.63355845	0.4343934	0.45173144	0.45459598	0.36764038	0.4328428	0.4446518	0.72308254	0.7843808	0.74798626	0.79698175	0.42473707	0.68745005	0.37888724	0.29656428	0.2748953844082234	0.3222106977774747	0.45985742522970446	0.3029490862567637	0.2515823074782579	0.36815954412839014	0.8874215541655149	0.8672329645638134	0.48635122317570967	0.5861591686561246	0.471928124728398	0.671986628127475	0.938424288780362	0.35211548523362635	0.41201638619828107	0.3958440870420083	0.6849942799466303	0.4867341656514159	0.3703740344838453	0.5358486578969888	0.5309961263967709	0.43753911248231553	0.41348964372601477	0.5173822347039012	0.7824265326064375	0.7097712903797021	0.9941341451162703	0.692313576983167	0.40341561517567714	0.4248040746331067	0.5916729561313391	0.8629467833976943	0.41497489949125627	0.4513002382537965	0.20360562426165893
TMPO	0.5479919	0.21669121	1.1414922	1.1105958	1.8528285	1.8356777	0.92319334	1.4943026	4.0323763	1.4485813	0.61365783	0.3768652	1.1674049	0.8516237	0.8739066	0.79773164	0.46600607	0.47563487	0.26608616	0.3474018	0.80737436	0.5882447	2.5817611	0.1248989	0.13544011940861883	0.7680491266061913	0.6083118268061065	0.16596819365219898	0.3010189562870109	0.12098362928743799	2.1442912459817323	0.7441206991744143	5.8122294233590255	1.8427138057596073	3.8647636223420543	0.8285832684267206	0.9029457227400197	1.8117758962321164	0.7362192309069884	0.8072059227565862	0.578077287852247	0.35468027564603655	0.27259445711582875	2.297935371314236	0.47424543388494933	0.4775537765026734	0.6704045484085766	1.2596135311954133	0.4939591260448813	0.23201602402801463	0.3382667678030767	1.996614374433245	0.7373660555466369	0.6262046674192728	0.3916495678886438	0.8662040752294817	0.5960283713949512	0.8039024021255177	8.19435924245416
TMSB15A	0.00016983948	0.10566935	0.0009330921	0.74460316	0.11230965	0.0001422452	0.0007866286	0.012202392	0.075975604	0.025804708	0.0002347103	0.01261398	0.003512346	0.0008278645	0.0011419561	0.0	0.0	0.00034071493	0.00070940854	0.00061880704	0.003878309	0.0034632515	0.00997097	0.0	0.0006268475574685165	0.0	0.0	0.12645673665457555	0.20184035263362363	0.04635662504647066	0.002015138072094404	0.007934937729712484	0.13062239456953698	0.07132967038073829	0.0014559669154030935	0.046211403617685665	0.029689270770731732	0.0	0.0005036628818711059	0.0002806552748703682	0.013041046825661342	0.017255397462204294	0.021129924587152415	0.0011428664357675982	0.0029928817797420593	0.0	0.0018271297351267542	0.0	0.0007894786727968164	0.0004770927356810608	0.000989001873706124	0.0	0.00602101917084178	0.0010809711755428671	0.005684237941661681	0.0011724246059860788	0.015103407427466499	0.015462405793848909	0.0
TNC	0.011335346	1.1528863	0.0061950297	1.8755293	0.12897669	0.0011282896	0.0	0.0020821213	0.00900127	0.040424258	0.0015875137	0.023347208	0.0	0.0053476235	0.004384416	0.00026567266	0.0	0.0012534546	0.00141482	0.003937947	0.005099711	0.06287151	0.0855211	0.0	0.022720016861679116	0.006144324104547009	0.0	0.25981127783856933	1.5833361402724992	0.7022183437753526	0.0023351937532424924	0.0022225817641335385	0.00245190507062023	0.010864041500065298	0.010963706127762343	0.011828246062761477	0.21036582597295006	0.0	0.0025405612918992914	0.0037129188183376315	0.006551566532777864	0.06637826616563322	0.01699071932065031	0.0	0.004678490416049192	0.0	0.0070150661492845035	0.0	0.0034158603816649867	0.002612638363441051	0.005935823314672726	0.014077368804386684	0.005851538529896805	0.0012839108838774477	0.10020577884223345	0.012434317213835335	0.07150795257680977	0.016414174925521396	0.0
TNF	0.26438898	0.04028975	0.263415	0.08981705	0.10747064	0.5341687	3.1880596	0.60432786	1.2757502	0.15172623	1.9036242	0.040851027	2.8792076	0.9965819	1.1061739	0.9386915	2.3002648	0.5252591	2.8051667	0.7792449	1.2576265	0.043671522	0.51539004	0.004449675	0.08123639856875672	0.3757769250253805	0.24483654995215412	0.012463372741561392	0.07256486064587965	0.047237243871308725	0.41953106411255336	0.5689467423108078	1.0455185956300057	0.2776097358094358	1.8782080668963166	0.020840125974367574	0.01127426114401594	0.10126055989946638	0.43176763837322224	1.3636917218320699	0.08298734769924693	0.03066655161976306	0.05261717944691438	1.4730300637619234	0.6892569475954531	0.7841505649136137	1.1028024813425512	1.6674187102868698	1.1474724232380518	0.8002598926412291	0.930119608211481	3.4854005045705025	1.3028295932561218	0.5882549008918633	0.037031419028393575	0.07371970642753545	0.44350408327008267	0.43445393141979805	1.0690411630920527
TNFAIP3	1.0701193	0.50275874	1.4934368	0.411582	0.9013704	1.6676338	5.058163	1.7928044	4.3425493	0.36254683	1.8733329	1.7003052	7.7135553	2.3286765	2.0888748	1.997152	6.032519	1.6511303	4.9426527	2.0330944	5.4263353	0.3888416	2.9220252	0.046113484	0.4779714318172429	1.4181948421562334	0.4460443417396771	0.2727412480458868	0.3372091403633264	0.4770172247422265	2.003333720680909	2.6374133976175873	2.9260227161717163	2.668372721176466	12.906984996693637	0.40091193986700996	0.3098265320842011	1.1670067763680896	0.6798358652711772	4.384659866785162	5.417468540658971	0.6752009487113732	0.6583425441558458	1.3420402539403753	5.373856330243079	1.1595176162006515	2.462544041861361	1.8499677201139373	2.0475159696924554	2.3545324063242137	3.7413932765355504	2.7674326314554585	5.875853590490864	3.923804807007912	0.516282220667376	0.36445496640145947	5.781601409337422	1.0287123863194674	2.1368766276041664
TNFAIP8L1	0.05699014	0.2577018	0.06428598	0.2735274	1.512642	0.09609983	0.03336942	0.17046297	0.124911465	0.25076675	0.12109608	0.94820637	0.56930476	0.110647835	0.06573574	0.13180463	0.03224536	0.047571234	0.056146067	0.07509551	0.09538619	0.21577585	0.16197976	0.011290998	0.050980430544473966	0.11377663384214866	0.05234400200887523	0.13775375838863968	0.14033698462517347	0.1995168662183742	0.11633484470552313	0.08584424376887816	0.12367678512316539	0.151992241536648	0.11867622676108303	0.23760824947024234	0.18366526184202395	0.4691997079426432	0.1174632515997127	0.17425034360370065	1.063369923734721	1.16368554885791	0.7514069553963357	0.11028764919916689	0.15088977302594608	0.10560476619006157	0.10677644804231738	0.027922047127506722	0.08413478214458862	0.08582102285060812	0.0666003243439517	0.02801220076424735	0.08637487424543233	0.107786767048763	0.17020802306903118	0.08714495329011437	0.20723610818454008	0.16218015657124502	0.05979026338675258
TNFRSF13B	0.7569575	0.0046574506	0.3523699	0.008724314	0.0	0.0	0.0	0.0013380339	0.035235185	0.0007269133	0.00389692	0.021485908	0.0	0.0070364876	0.004700221	0.59288955	0.0	0.00033839812	0.0005765025	0.002070733	0.071872786	0.0018700045	0.18890975	0.0	0.3758129135066048	0.9711770285818201	1.2431307124294237	0.004308377368507595	0.0	0.0020533103277165067	0.005230763158598145	0.0006200447073406542	0.022260102223986424	0.05688100887867952	0.03718398506120522	0.003913596448180489	0.0010733568109787131	0.0	0.003330627647142879	0.0021212375471092644	0.015414830685551089	0.026858443214047338	0.0027152824585292465	0.022212015395953657	0.014696452273430726	0.00049731231504871	0.0011891878959609241	0.026379858121634733	0.0023525038317240418	0.001879198931274961	0.0020825599439167034	0.03773255348205566	0.08088817703670366	0.018793550332385143	0.002843170359398153	0.001598033706254392	0.006142186494236692	0.2044852818495253	0.01865845715558087
TNFRSF13C	1.1358742	0.0023509255	0.1825771	0.0	0.004324791	0.0008785073	0.0	0.0007512782	0.014762258	0.0087274555	0.006640379	0.008720533	0.0016997957	0.008913296	0.0038819928	0.4497532	0.0	0.0031793509	0.0024664942	0.0067037074	0.033175923	0.0023948806	0.046941675	0.049716987	0.507043051478755	2.2303764480934536	0.45447485141949767	0.010008869642990567	0.0	0.0008394743612710501	0.0007845208077642857	0.002654622093989299	0.028694578734525626	0.013528962824154382	0.00766799555133025	0.006151990357961472	0.0007241594941037357	0.0	0.007052200264637746	0.019900665861862555	0.018822914047382348	0.004019706022171747	0.01308456345933818	0.009721793124236607	0.02996699201714074	0.00742764761065802	0.005685960930875561	0.003180619030562131	0.010607768600604082	0.005021672341783912	0.002034471139568936	0.0	0.04833659031692423	0.012065427686566857	0.002759105049534044	0.002227476254323543	0.009845585359425868	0.10145153859127833	0.0
TNFRSF18	0.09093441	0.037349995	0.017184459	0.018163454	0.03198364	0.08049787	0.0147787165	0.03281013	0.9513155	0.029619908	0.09663117	0.11143567	0.21747328	0.65189314	0.05092615	0.11014756	0.020452345	0.060775876	0.034546766	0.05016491	1.6106392	0.037629817	0.42712975	0.0017250663	0.07742262604806915	0.11815065052887068	0.07308362618034145	0.017315926138210876	0.008597832410893541	0.047692794948264554	0.03788301640362819	0.05265374500553096	0.9512601979471644	0.8430836080889477	1.6705755160099807	0.031769601712411034	0.04109566386487918	0.24411979238387987	0.04794532675431313	0.13242978869275715	0.18196594710013694	0.05183915490382907	0.11527580192671734	0.055128745381589586	0.08361709903140643	0.11996689066077723	0.045066663352506614	0.08645893395374772	0.042855248248494966	0.04393691358940081	0.07392806358093251	5.195422368235403	1.4382681041549277	0.6104702488494026	0.046784943812157184	0.04425194043739169	0.9335380945039584	0.07303164039333959	0.0
TNIP1	0.45215636	0.5892094	0.47508314	0.52933955	0.46168453	0.38972583	0.222098	0.36926335	0.69701254	0.43998748	0.43142423	0.55858827	0.7156295	0.32605836	0.62231106	0.63207185	0.33546454	0.35502514	0.28777608	0.41822606	0.65131724	0.43852967	1.6639227	0.23310828	0.2879232961027622	0.3995606304022733	0.7758419359403385	0.5614160739020464	0.7180714156938447	0.5566704619880521	0.32399720625609474	0.35154803017319713	0.8369863422476935	0.6465623292729171	0.6787610987472498	0.5976353295122911	0.40544158859130286	0.2896184493755472	0.3864619712671628	0.4407654354733304	0.391257975750911	0.7617798487836394	0.5484075784966973	0.3934716391736972	0.2734750963212428	0.5809628678112196	0.6337019300493612	0.6832663228366046	0.3570611389291024	0.36080578022391346	0.537246002631194	1.039011965169535	0.6231279191228604	0.6460915529617539	0.486025191890051	0.3672650020670545	0.5823543500080567	0.43471333128612333	7.427771767551168
TPSAB1	1.732455	0.03760517	0.0	0.04008236	0.009086078	0.0	0.0018175209	0.080403246	0.43321314	0.029821869	0.23709328	0.012685586	341.70486	0.025514724	0.43118265	0.064057395	0.14993402	0.029734034	0.0433866	0.047249366	0.5057267	0.59086764	0.02467212	0.0	5.389195221712482	0.002581315098876687	0.024956905480587124	0.012113150027210773	0.10118471748724693	0.005040638896513156	0.00042292246274376285	0.0	0.550611796532057	0.4924723378289946	0.12137835848647936	0.16122459113187776	0.0010787558698917758	0.0	0.0022861180949156814	0.0	0.00018599729070015124	0.02627507572219101	0.018760561099867262	0.09733007512771324	0.008612386407614414	0.018453238256150948	0.5243532195177665	0.5565732737734367	0.05974516524743199	0.03295392139408347	0.014545189131314298	0.20719771245857338	0.6728064489518915	0.22060403432798253	0.06763682665845258	1.572611767444608	0.019491031491265992	0.053898635512775725	0.002275941961555071
TPSB2	2.9082823	0.053675115	0.013305741	0.004685329	0.006003733	0.00031069727	0.0059636417	0.19184509	0.6265129	0.06497505	0.34295866	0.022577498	551.9878	0.058908243	0.38356328	0.13906763	0.010083134	0.05642273	0.15692966	0.054525264	0.70667756	0.8237608	0.04897845	0.0	9.0617607159518	0.010134431329484267	0.004123534668575633	0.025574332543098696	0.1306058398249217	0.01897967221866947	0.011870824699491406	0.032680521660579526	0.6816532229754957	0.8374627486491049	0.2721390175608407	0.28180612096826335	0.012010916425505587	0.002798652597542467	0.009332679684745689	0.00180839048475444	0.004271227671663622	0.05927361063210361	0.02222985547521186	0.2030602290492069	0.0479686281748817	0.03309206720124456	0.2735758060175769	1.1135189597177322	0.1126071040308219	0.03134647850719807	0.01938344366209022	0.5149005944078618	0.9639568922844202	0.17685141857368913	0.08682192613310918	2.19171924490825	0.09141262366709536	0.09152940790081705	0.0
TPX2	0.021262275	0.07740217	1.2345148	1.3312564	1.1937627	1.074619	0.8654631	1.0627958	2.3185859	0.9296881	0.111014985	0.014917801	0.4467202	0.47511974	0.038594976	0.07731084	0.059766784	0.015564004	0.07444249	0.020525709	0.07541742	0.049372047	1.2601895	0.007332485	0.023765129704478884	0.0124790859952077	0.04806037909911132	0.03415286751978725	0.09238276991505903	0.08939706042895619	1.26248137893044	0.528587465681454	2.9427514704798767	1.2439717993510397	2.7211977562265512	0.766780411601191	1.1659212586406258	1.8599907071719617	0.08186461545355615	0.1085074107982183	0.01581255601248007	0.020112957382809306	0.015371681448068341	0.771201310722551	0.04510331679276417	0.02077813740458406	0.020039736559280763	0.015988524758732674	0.023776971871582106	0.016459494689167485	0.02171584614498382	0.3478971648525882	0.050786221557281984	0.022643723086555604	0.05270578854890959	0.043115558068742	0.06772414257134031	0.20761976862560014	5.756787425048939
TRAF1	0.13486227	0.07498666	0.02570801	0.014131643	0.035441425	0.11765744	0.47821766	0.14017086	0.4843855	0.11806884	0.8027474	0.040580172	0.26565018	0.27034715	0.2620693	0.11064577	0.06733555	0.09943918	0.14382197	0.17204736	0.45360446	0.027364824	0.4300924	0.070318826	0.08376347211872301	0.10893955269255311	0.0895040701250171	0.027653093417485175	0.05643826169903114	0.061136147104482674	0.07642715939865491	0.1799933836758009	0.3752701251122624	0.31973119716765935	1.2369529198640332	0.017900298504128068	0.01366654801687746	0.09892903002612109	0.35798769867836977	0.3550196106057016	0.08296516646494398	0.05282501555511805	0.02044018102636171	0.18278959435249986	0.2729778144610847	0.6108656438630697	0.25822143002815423	0.09131618134147727	0.0796781995230667	0.1353849451084473	0.4960176174525235	0.5947264844721014	0.4922801291348627	0.34449344590769576	0.030059270631060498	0.032405845363252854	0.20816337364165485	0.42139280020851577	1.549668099706657
TRAF3IP3	0.70591354	0.017219562	0.75203097	0.053598568	0.036662932	0.18557525	0.3464008	0.20963418	1.1017601	0.020090353	0.27112404	0.03560666	0.65386665	0.58983123	0.59533656	0.34393463	0.018158771	0.0944401	0.15666215	0.13058473	1.6202259	0.03874206	1.0082653	0.50462097	0.3181277029377142	0.8278257181531969	1.3068654457994697	0.029630869253488512	0.0140694301982539	0.033252116764749824	0.1494637037958794	0.12549509661165234	1.5142658227911445	0.8515382439116372	0.8382813579074189	0.021330068684769103	0.009655761966734296	0.024271819289094707	0.3567476636280691	0.3976049786539276	0.05179467166416444	0.021979539762441727	0.023524820246309718	0.34145235410262276	0.3178424251362112	0.47118363462234264	0.6030439027347413	0.6942623304574871	0.10600344223525321	0.16125256165756718	0.1294028621233072	1.821863352787959	1.1798615485033284	3.0651805415545743	0.04648646295208187	0.050384745108337986	1.0840244632195704	0.19755580022942157	2.82190623094993
TRAFD1	0.17486027	0.14347325	0.035621893	0.07048505	0.09140283	0.13349727	0.09317946	0.15827437	0.15972437	0.18637846	0.6602289	0.17301217	0.3696358	0.15843911	0.23941731	0.113057226	0.07549902	0.17806186	0.110814475	0.16159967	0.15985131	0.090503015	0.3508476	0.049061574	0.04615994791949461	0.11628333841685708	0.21505690428992175	0.11830077583073481	0.27669558503752123	0.05640390315518	0.11224823255542739	0.11830825879946225	0.17933707313989222	0.1472295872542005	0.18968784462365537	0.07301050505819538	0.1105953058329117	0.040187371188196645	0.1539977317368925	0.16865988134235607	0.10308195319064911	0.226321595959973	0.10097610475458528	0.20476197207881466	0.13438643559409033	0.340072100260267	0.1772001104836127	0.37505773208304294	0.16704915325723452	0.12173514648543017	0.22545160589779742	0.09394946779523579	0.15090558752130034	0.21388766803812617	0.08571699668457201	0.0653594923351562	0.16481222246248753	0.19808992325800837	0.5435444359611787
TREM2	0.043744933	0.023464113	0.050676677	0.03864016	0.13309523	5.35716	2.157329	2.5097017	0.055851273	0.025923014	0.44767234	0.062110547	0.05746987	0.4789952	0.2674267	0.012867405	1.7896748	3.0852704	2.8074567	2.9451718	0.056719713	0.024663053	0.05870377	0.0	0.04414051241837794	0.008905053542732367	0.0	0.006437525000181759	0.03607455255558404	0.029406463242887378	2.981890458080886	2.83102643514169	0.03380589399876425	0.1118003609193503	0.04605296329221732	0.03508958219610814	0.039071877723569744	0.10393095838612523	0.5835059531332978	0.2650699040358045	0.06641498103320419	0.03845959377284937	0.03861843677418904	0.3263965720295992	0.2959050939216463	0.5901292295766196	0.24108881104320362	0.03656997995403324	2.699182529704601	3.2056132295532613	2.9095534169852946	0.05843988873741844	0.07400884081927568	0.010740014191207613	0.033163967691001175	0.0221902589076566	0.06619547176922146	0.0816590509228166	0.0
TRMT1	0.2454642	0.1320357	0.23835762	0.110263504	0.24357165	0.2934433	0.4062276	0.36807594	0.21735111	0.11129606	0.36700073	0.31731567	0.47610843	0.49625307	0.63229126	0.27171588	0.37156835	0.3216285	0.87077534	0.35101786	0.20689599	0.20125611	0.3443905	0.37356666	0.13617615553678686	0.2843994332992685	0.4057810464852499	0.11789242592181551	0.1735713803036961	0.19413806006855433	0.2995671827332003	0.24117581144170766	0.21907604658306257	0.22857709228888512	0.19979091204263053	0.1359236153022003	0.23879882403555255	0.17958247156565998	0.3910009519764072	0.49678923209575326	0.14204251861448772	0.20633187214125673	0.22870405507714	0.5975515529943382	0.40601147991033765	0.6447618711235468	0.6619592586377678	0.5522653483487385	0.3644729414598667	0.4729953133661706	0.3102877934581762	0.20903893058950254	0.19249720001298287	0.3220158637320442	0.13016802964071508	0.14421509095349794	0.1836318159363849	0.20996976164246406	0.7316338342385234
TRPS1	0.05766198	0.24320741	0.020716147	0.28172472	0.06502527	0.45550245	0.20971164	0.3894414	0.1843425	0.037728127	0.35016724	0.059805367	0.06566939	0.5216557	0.3096113	0.02170204	0.26459327	0.6652958	0.3171913	0.4223605	0.17048404	0.06437439	0.08750864	0.008241921	0.03817162509355981	0.09648625426934195	0.01295979363636647	0.1477128587640561	0.20733711995116125	0.12444061582771054	0.6734765421902777	0.15327920757021685	0.1822769549735628	0.11836728975855593	0.6059583046155453	0.020543134891258814	0.025931468922500953	0.05354133594799512	0.2808987825665327	0.6619179017174884	0.08874658342067539	0.0935022331657589	0.024260078553938563	0.2702004048292611	0.366806131344796	0.5016081176566991	0.28759792538904383	0.32821926071744983	0.5935752288990134	0.29658920589150084	0.3432229575033966	0.16144734435267263	0.2008743724796132	0.10794495516258887	0.05448175630468879	0.02468117313839564	0.16418714790284875	0.08043159654574963	0.0539806882796749
TSPAN13	0.9145339	0.10260621	0.65799356	0.11957577	0.5288608	0.11179477	0.027210731	0.044319957	0.093538985	0.20134489	0.8258073	0.9566785	0.0063042343	0.08760703	0.023475282	0.78049684	0.018946258	0.116476595	0.039039858	0.0709562	0.10655676	0.23450892	0.3910505	5.801095	0.4520370700682679	0.7840651546104691	1.0513238864595884	0.16102423108174715	0.07535192224588273	0.11812769469902258	0.022178537947920976	0.1714639965408191	0.05382744643970111	0.18765873767730437	0.04329828233796679	0.270858242472132	0.3770651334145607	0.20989375760402587	0.26545145606077625	0.12840710997154203	1.0638032095044931	0.8052809535395337	1.1223032402556297	0.054853278085375656	0.10392429722815766	0.2286375879019917	0.02961385527199195	0.021802195753031772	0.0416758798980842	0.06621143691927406	0.11787430625031141	0.08370573180062431	0.13403720541840775	0.007135264587505958	0.34668259542559293	0.04618741821646805	0.17377090317458055	0.7444353052387507	0.021477342165430423
TSSC4	0.27419302	0.45189372	0.28107876	0.8581845	0.33732384	0.2770672	0.14196736	0.25289318	0.38706747	0.2699075	0.27924594	0.4195986	0.21129048	0.1679992	0.4534502	0.13517591	0.1689601	0.19071066	0.2209256	0.2134357	0.369309	0.3160927	0.44520807	0.28198984	0.26167818008169064	0.2787265067435244	0.42834067500183703	0.4785823104063091	0.5427675076508821	0.39922204128181216	0.18862127575272306	0.3287006685592902	0.4047320012451195	0.45001623288004494	0.22216973355245065	0.33138646338508676	0.43475653277770054	0.10205622518003868	0.21206319487931724	0.21249553014966147	0.41357159519560643	0.4438351088806222	0.4350434805533728	0.2177586451332359	0.18609982296116448	0.3314473465175555	0.4162474110989186	0.26834109116275406	0.16425956291257615	0.27563479035179417	0.25440641608017167	0.3231825748047271	0.36023047517837403	0.4863163044409463	0.313657461203275	0.30395314424654496	0.3903708747200567	0.352233654780103	0.505355651947249
TTC17	0.31316888	0.34480095	1.0068705	0.43894896	0.41396728	0.2424796	0.15151529	0.18757589	0.27425748	0.22720337	0.45762897	0.45397103	0.3533006	0.24308906	0.22228488	0.3246413	0.15633161	0.32612854	0.23011129	0.31198922	0.3319787	0.3238778	0.29205003	0.13462879	0.2436300097899152	0.3584091621637986	0.5312658296349251	0.32716833060194445	0.44011204051952385	0.2850393457611872	0.3206436493740544	0.16540044288595734	0.22011552574110824	0.29457350135669674	0.2804351138923306	0.16981450123048386	0.3108135944138832	0.4549820481850009	0.36891449366661144	0.33902773408363795	0.45314936822175506	0.6213737933335115	0.3978123426674554	0.3610859214958716	0.2657337777163686	0.39646448767966785	0.19068315762570012	0.4436165410272135	0.3762789848350232	0.22584683582910872	0.2729846333648452	0.1881794155418099	0.3333505215961647	0.4893651271050604	0.27923886346553933	0.3753646192866841	0.2944401170730612	0.26780694330811167	0.5773396893943956
TUBB6	0.15004241	0.8465621	0.09075885	1.7115983	2.4919605	0.71471196	0.16196033	0.53000104	0.08897162	0.08773188	0.74977016	0.7979326	0.16917743	0.44132346	0.19259463	0.036815695	0.11368701	0.24237362	0.09032627	0.19531943	0.015098074	0.041784294	0.32600403	0.6810447	0.10199836445107754	0.17804073796978676	0.11138469831976132	0.8529856351633024	1.1516532241748663	0.9228049839090484	0.3102585993208815	0.5192705673109266	0.04871003645809422	0.15292394599585957	0.022324543445940138	0.19295814629423597	0.10177463088291083	0.12066347628391436	0.2947298273112647	0.31065111295691966	0.8033668652980523	0.9711509280822841	0.7830798338126308	0.17704195442114118	0.09104705087966905	0.4123636390277109	0.24949975432995092	0.0571213842331683	0.11244269755883751	0.2380499644319773	0.31477543057024876	0.0	0.021289382237299082	0.004544399507302114	0.05395851231356369	0.020206535871273457	0.15365868264382684	0.4107788186393224	0.26249502404621206
TXN	3.6478662	3.4315557	4.895809	4.080328	4.056469	5.7683964	6.466324	5.016	5.0926576	10.763706	24.17392	3.2437692	3.0354257	8.416077	3.5955548	8.773356	3.4264379	5.6078897	4.9292808	4.979233	3.6531758	10.118803	9.228444	12.789422	2.549676279862217	2.254470274512234	5.38192035921166	3.399665438138911	3.049998097565061	4.7540405467159	4.915677191653378	5.85960464483846	5.486230417125589	6.057895437234222	2.791057848645175	16.19238936352435	12.685311495571193	8.915557432879368	18.549655198809315	6.218867821882302	2.670563721105049	2.957426287944351	3.845205540646514	5.550853026099522	6.7119720227444555	11.602065112429171	3.1972030345353906	4.204485359555994	4.434816826943441	5.3293109522010464	5.054541841791552	6.4156507715002284	3.44748657649919	1.6093970899647387	11.151657798522129	6.362640408761341	2.8270628155568893	20.28499557729159	3.424970388306001
TXNDC5	0.46577325	0.034189716	0.919587	0.051970314	0.25377917	0.12778357	0.059688814	0.08686656	0.04049347	0.074431635	0.026108136	0.19634935	0.036202766	0.033950437	0.0005785379	3.773921	0.038040772	0.08106612	0.09467397	0.064533465	0.022617832	0.09131513	0.1812932	0.052228272	0.10828386318683508	0.17546299023210166	1.641073109960013	0.017995855056793585	0.021784605795521134	0.08032566759183303	0.15310976581605176	0.04980006564834447	0.02191241717555477	0.024568166354889478	0.1573552716602023	0.05676935441407669	0.04513047559610005	0.77403846045433	0.0015096044334811422	0.1080886461511414	0.6261625542735523	0.029711058034956148	0.06648976468057075	0.0006149305256804979	0.07204047543791428	0.009757495062931242	0.0010017822527527789	0.0	0.11932215684054057	0.012670493051732373	0.04382851898444486	0.0	0.03176492984426125	0.00241635871873972	0.20080231363126574	0.018508733664326725	0.12318256801504193	0.057686456242504736	0.1633438832791387
U2AF2	0.3091861	0.45065394	0.4186042	0.32203886	0.474644	0.45626253	0.54024935	0.34663612	0.5783853	0.26404053	0.29045293	0.3782066	0.14511728	0.39512995	0.3233701	0.19641796	0.25602752	0.27325195	0.16453832	0.2733454	0.3920438	0.34062758	2.045086	0.17000136	0.13427990726028502	0.29154288592502503	0.5542162802672793	0.34140235664216756	0.5811882739872558	0.2885169216697113	0.37001280259666103	0.23636176701220427	0.7850053940166958	0.4393427195911876	0.5135175707505516	0.2551086032750549	0.6172940674657471	0.5130341562731513	0.2526361529147854	0.3672686763702973	0.4598670728900102	0.483529560693031	0.3539612497632828	0.43645692937669495	0.3005578610594996	0.4629456380637562	0.31122423116741005	0.31627525150331603	0.2879497980178975	0.2064047039644333	0.30986458043338583	0.585428574797395	0.33700109556743163	0.5081964365983958	0.31557354065092813	0.3842567681578608	0.3415297726868828	0.3602926347916223	7.781497518542336
UBTD1	0.007468743	0.09029418	0.012665338	0.06264944	0.75643927	0.12587729	0.054473676	0.0626273	0.01559777	0.39431638	0.036335282	0.4263398	0.0	0.053933773	0.04725573	0.0023585246	0.01978589	0.07776698	0.06977869	0.07777671	0.023045465	0.074525386	0.06275636	0.026182752	0.015254948276455769	0.005050181238004697	0.010606451860484685	0.12403127200521737	0.10327135753973529	0.07313734079199735	0.06332060307245381	0.09416057898471111	0.008989252942158814	0.036161036355282096	0.004518792565379824	0.08361420174072466	0.12978787569237957	0.019556711459981984	0.0408415470254983	0.025946750719534447	0.15361187179952646	0.7161118596201205	0.35438211816734183	0.04206826804345026	0.01909822319746375	0.08018658686609174	0.066697746516117	0.07462571024973388	0.06636689249714	0.10231711614550744	0.09518294315864717	0.083296195098332	0.017707739107039433	0.012151932204336167	0.07502442682532467	0.10278288326481377	0.04455778016400974	0.06404687927327869	0.0
UGCG	0.9248563	0.90693206	0.4600516	0.5980745	0.60949755	0.536139	0.32833737	0.531525	0.3152409	0.405132	0.59118587	1.095459	0.05603499	0.47769603	0.1587775	0.31801358	0.7901679	0.9184207	0.5551618	0.6661166	0.3311095	0.34020492	0.59570235	6.2220173	0.38280203988638734	0.7790939859480606	1.6337927336963147	0.7884354059642378	0.8397684451531835	0.548650480344759	0.6304522003350522	0.49866166440725657	0.27335566443129433	0.244231083364986	0.43907200219772313	0.2691764055285429	0.6163800033208024	0.8488511874757965	0.3165671980920059	0.6709980109054725	2.4436928583852517	0.8504921800002534	0.6010959627514388	0.425806230036927	0.6403183491439053	0.5418734285197061	0.14689521606483052	0.1566426437192524	0.7504790975355676	0.5823679130269592	0.7158178461016401	0.5119180611201696	0.30557172180842557	0.2853609925999981	0.4560068898123875	0.11796567394838973	0.7318438014982851	0.5777473658264438	0.2915090509852436
UHRF1	0.032055575	0.04541406	0.1674665	0.30938932	0.53100026	0.40164915	0.38489422	0.42737684	0.7427497	0.10716532	0.048963338	0.05283624	0.09830364	0.034685705	0.030644566	0.0031454	0.011149425	0.037374787	0.0036179132	0.020892318	0.062969975	0.018307675	4.090912	0.19470406	0.01965112956162297	0.007264302329248072	0.1127154015380452	0.03835463889898001	0.042736331688949164	0.05017980522498447	0.2767269380166021	0.15534814039937783	0.8101580847458979	0.36377036021040726	0.42004784469361195	0.10815961541801132	0.13866395293551412	0.3273556913648333	0.02319130793016794	0.053346192572281056	0.011002487466975928	0.1327990545579677	0.027923727360659	0.10019510394165504	0.02558455433655297	0.017466978408950774	0.029903708253088183	0.0	0.01243792843280202	0.03274652604431172	0.025731146280729603	0.3085033967897489	0.028685368380652904	0.038880956573566376	0.032687666924241646	0.008339801148063137	0.04170635651534241	0.03307121280152416	20.493344246186926
UNC119	0.32119447	0.19651894	0.14088407	0.09349853	0.15069668	0.2155939	0.047678553	0.20201388	0.19225891	0.23098652	0.40973616	0.16911958	0.047453783	0.8022104	0.4535166	0.38622165	0.15255328	0.21641827	0.22266188	0.24409418	0.26850536	0.18859796	0.2500094	0.30588514	0.2171058368282766	0.41446570198445837	0.5309568074560764	0.1979574900085354	0.27311112203694554	0.14985808982570825	0.18824773006560336	0.2532727172588109	0.2611037587191017	0.21254724371536163	0.19350377162615645	0.18228557020118144	0.26754913867636015	0.1240481709024589	0.6315597520773849	0.4367689510589834	0.10338144457362612	0.19409326363515111	0.16987416087314505	0.6489942806473219	0.4982525158593611	0.8878384259366778	0.6521461305821628	0.43307727307778765	0.23170250327683095	0.23747044336726542	0.2883622136782052	0.1615194320678711	0.21954587189494737	0.33753290979788225	0.19660564051179683	0.13210875620836396	0.16542266712603712	0.4101526926263294	0.17517516829904342
USHBP1	0.002100982	0.016997775	0.00031999068	0.050070886	0.24838966	0.0012063234	0.0	0.0016107314	0.0043887426	0.008961981	0.007994816	0.70850044	0.0	0.0053382292	0.002860714	0.0	0.0128150005	0.0024841286	0.002515408	0.0021790578	0.008425215	0.0077894307	0.02723324	0.0	0.0076712372015095235	0.0005132926318683352	0.0	0.030908470761245643	0.006840582680657055	0.03749966491672817	0.0	0.0033831870743444748	0.000696432939805118	0.01223605715642078	0.0	0.020014793901691943	0.02489317943731357	0.0	0.00035333548806654386	0.0015690609124962057	0.41310622152717635	0.7897599042664092	0.40697617158262545	0.0014846751818785797	0.02170416292096044	0.0	0.008354042804896983	0.0038018591057090685	0.0019159363176435035	0.004423502297580069	0.0	0.0	0.006209968496812407	0.000357402396561046	0.005798127671991775	0.013411308680118778	0.069149635134414	0.026840271347212317	0.0
USP9X	0.24002151	0.47447968	1.500993	0.2394162	0.52627206	0.5724913	0.19325987	0.38816214	0.298587	0.5754694	0.3160518	0.5904089	0.06911385	0.29785144	0.27729338	0.24937424	0.122521155	0.5962286	0.3818627	0.5061673	0.27695972	0.47596893	0.45064503	0.11576757	0.1426334956068773	0.3502053023596221	0.26493300205619374	0.35109250206810855	0.6753833202280424	0.17679382646044528	0.5681950699389955	0.42888636032227045	0.26692364606940283	0.20854874000111823	0.5692929797896867	0.24818777413954676	0.3879894985757683	0.9866185916468428	0.30829869867742604	0.5098165149158703	0.8620183664738703	0.7517828551962504	0.3707007334224249	0.3013167793704076	0.4221121021368168	0.39869142050112827	0.3080969484146098	0.3024179076227891	0.5595524215709985	0.37605553518056417	0.5258495953706301	0.30357994290141316	0.2962840977587391	0.2560468642835431	0.39988061378256046	0.31809755334942746	0.43142203472321133	0.2733633278844001	0.8721719927503521
UTP4	0.07685197	0.12236116	0.12001547	0.18362705	0.1178736	0.13989583	0.43383104	0.16753861	0.171774	0.18367292	0.09735202	0.14130953	0.08919011	0.11832914	0.08110242	0.038453557	0.24175185	0.10231288	0.08876975	0.09231011	0.10821209	0.11912423	1.026723	0.21431383	0.09643646751425007	0.06454279311695942	0.12870130531699767	0.12230187260908328	0.16038896661760493	0.15460768066953937	0.1217967613261002	0.13611627855538388	0.17242165033367882	0.1570194845030492	0.11520270618411949	0.1069612807132503	0.2758788513298299	0.13847360423045793	0.0716109720572995	0.07684682812981453	0.13007454168859825	0.20817635281334554	0.12034036634340788	0.18128648084768992	0.09482142159632756	0.15137067796162917	0.06433423277002652	0.08471533772727455	0.09455334998634475	0.08371752504140356	0.10251058640903425	0.2478152400487429	0.0785780426360891	0.18028243755124235	0.09407318978954597	0.1840064010288247	0.0915437619627879	0.1322299315768918	1.9067437001097378
VCAM1	0.08400473	0.5956834	0.09444171	0.38619328	0.51776636	0.6610385	0.6908599	3.1161742	0.24898985	0.23353049	0.12695836	0.7224165	0.04122231	0.27986228	0.08656904	0.06281231	2.615292	3.108376	1.634523	3.701796	0.21917184	0.24973492	0.24202803	0.0010612061	0.17346695349233407	0.046465673370045354	0.0	0.33052731988297246	0.5599085577935846	0.5047091749559236	4.062937976759602	0.5192609785542855	0.17315862713200725	0.3916424147972335	0.3022700934204283	0.39548130328878645	0.04815683653773019	0.878417841084485	0.09751688304272337	0.1609594798990809	1.5001830703830408	0.35345497603072473	0.4830697978704946	0.18672387890395564	0.2552273762534286	0.20886210718915815	0.015490265692983987	0.08048078095391648	5.792799567666184	1.4668491449147083	0.27157364568959413	0.5396696660425756	0.23811477197786485	0.05143027534249941	0.3759684673183825	0.07944942295224448	0.2589044837050155	0.24444282063337044	0.0
VCAN	0.017770506	1.9101543	0.009618326	2.8650723	0.2133869	0.46277213	0.35964626	0.40096864	0.07223116	0.06782005	1.1953676	0.24117859	0.0	0.3112403	6.465089	0.021437654	0.0019966776	0.6466527	0.2874327	0.55377656	0.022970717	0.08487524	0.49018806	0.00077531644	0.036517617816605834	0.03901970157636235	0.0	0.9851199004240002	1.952864489384466	1.1873908995998148	0.06970282014042324	0.23916972792078356	0.01539779312078652	0.02559359211792493	0.03399111330509186	0.0023480024108016996	0.11524375415232385	0.1292283452790359	0.34694998791745446	3.68313828973858	0.25404923537895274	0.13050169944097736	0.11775923428175608	0.16760436834780734	0.31968384702790137	0.581787866005637	3.3975703902073975	18.94004272953629	0.051055603585424165	0.23917766415906944	2.623726677350088	0.0	0.03390532857324363	0.005463076142771517	0.14663664615166752	0.03641598655844909	0.5383872125471831	0.10791668841156124	0.0
VPREB3	1.2815552	0.0041785906	0.5318784	0.0	0.0	0.004079982	0.005630631	0.0011923646	0.0144558055	0.002447213	0.0019388207	0.006400145	0.0	0.008550492	0.002356926	0.30278206	0.0	0.0002421037	0.00037387497	0.0030056748	0.0142210545	0.012934841	0.0059166625	0.0	0.47879373992314067	2.840541520439992	1.2100023154603572	0.00447554779179112	0.008811140874801017	0.0017162796265908665	0.003976036617250154	0.0007507622473911644	0.02259338617094178	0.012933135932140105	0.0	0.005753207176939184	0.0054737518462591615	0.007451542492570548	0.004486816576740112	0.0022740507962301284	0.00028188486695602833	0.0	0.005642565742483774	0.036105205141293985	0.006364131602521509	0.0009240245077467184	0.0006018121794956487	0.013205289840698242	0.004753816370850027	0.0020726990803181565	0.00021834135831540574	0.0	0.024144421719278584	0.0012068039798835179	0.009034918013667723	0.009310260007046035	0.004630707370699009	0.017701353563531603	0.0
VPS33A	0.12637249	0.07551691	0.072709456	0.044228364	0.099499986	0.12241302	0.0140674785	0.10227306	0.11613735	0.11933044	0.07499903	0.08149786	0.034361042	0.37887353	0.04810082	0.036607996	0.06815606	0.09676826	0.12744278	0.1174521	0.10023113	0.08597468	0.117912516	0.12358254	0.04753868986819531	0.12669729683031725	0.12521779718886594	0.0475096671285545	0.07762567765616075	0.09582369738385631	0.10849173737908482	0.07713851772011006	0.11451035200966948	0.12363282244608546	0.14160373173126364	0.09023827964558474	0.10241252037653674	0.09915334708584941	0.08238804107953725	0.10046112660802074	0.09111688499771192	0.10176928104007917	0.07933500240452933	0.07883570758178385	0.07694846650421965	0.04556707594757376	0.06719625931066371	0.11268797726980495	0.11551094551363966	0.07343526099365247	0.12093170716832946	0.07199276515415737	0.12695521097963186	0.04260873836863828	0.08468282910897576	0.07778003111854233	0.11069180434956875	0.09276835809330214	0.09544713055645977
VWA5A	0.02459674	0.064559795	0.352893	0.0064978735	0.022338148	0.11606326	0.013715742	0.08734509	0.09341431	0.036697112	0.024101904	0.044141058	8.247527	0.021812314	0.08857972	0.023810508	0.037393227	0.06533199	0.09090941	0.11991688	0.05190427	0.06180306	0.028653404	0.21166746	0.05645334455227757	0.0044676328069820775	0.026674384012320695	0.0928943743112922	0.08280444325762217	0.05082927398720507	0.05919188649026359	0.06322865427550303	0.18287416795481162	0.027940558090704355	0.019071738521398113	0.051356268910511954	0.08659388785593675	0.0	0.033793308542148216	0.03431032055359579	0.05764420148156408	0.05545027461901432	0.029192217144530075	0.03742225221509335	0.03426888030909402	0.030654265746189853	0.09187094091902916	0.10770355713374109	0.09831093674705606	0.11584154305609384	0.08883613681180422	0.054200758252825054	0.05367604263337727	0.06852161586914088	0.04327829281825632	0.09283146553426262	0.04930211787719582	0.038334961960341175	0.018775862804308017
WDR72	0.0022786253	0.0016534192	0.0037354475	0.0018484198	0.006311984	0.0012567414	0.032156426	0.0066451756	0.008358879	0.56928927	0.009040805	0.0011842706	0.0	0.0033151098	0.00047843045	0.0001390318	0.0	0.006127578	0.00082859414	0.0036815337	0.003685012	0.15727761	0.03954391	0.0	0.0051774872677575285	0.003950007611139823	0.0	0.002320941489980654	0.0019200083228172594	0.0030409620772260827	0.019500792972625247	0.004101480634322627	0.014814945959275771	0.008291984682797486	0.006193699034969364	0.023911189038324055	0.31128663999267664	0.3847972508134513	0.02656183609595665	0.000784809931102839	0.0055265961973755455	0.0	0.0	0.00044551939633540337	0.004307132997330587	0.008596891298384098	0.00035597425533005913	0.0017063101791325633	0.007328203120359695	0.0008646741315795103	0.001948484496278847	0.0	0.005587176202848918	0.0009618470175746916	0.14773287459328818	0.24143018136984115	0.02283091123614928	0.05594578928497738	0.0
WWP1	0.11358751	0.11352781	0.07229538	0.035638258	0.49045748	0.69855034	0.54471016	0.87909156	0.2718106	0.8413788	0.1902742	0.4765327	0.32187408	0.33459628	0.13003299	0.08327449	1.1889715	1.2380097	1.0382135	1.329368	0.2777823	1.051981	0.3098758	0.11379031	0.10121979399449796	0.11521579725879688	0.05530839663621834	0.14458675872748364	0.1097911531623153	0.1124993840700812	1.7749633329610823	0.26302607258297034	0.3386551954136597	0.23053710650159473	0.3192882618083649	0.40045486994233076	0.698485720033897	0.9926804894884231	0.183743862029205	0.25031268803171786	0.6348104604109697	0.4697797986992571	0.4043613337187054	0.2734009864337059	0.23675329238581913	0.45292371398256237	0.1148665122197862	0.21808994432191328	2.2662424619873325	0.6772296444804418	0.5575401560133808	0.23196387941187077	0.3203205454538201	0.1840104455268487	0.6678383041256372	1.4799788930651334	0.3750344573942048	0.3332583780089732	0.43020575668944105
WWP2	0.12849045	0.18444236	0.037947565	0.20830852	0.16074938	0.19179022	0.10969216	0.28401765	0.18989637	0.0573783	0.12278595	0.16351663	0.08887098	0.13718311	0.19775464	0.033309586	0.022177733	0.14768395	0.123393156	0.15229532	0.15309925	0.08683397	0.20342016	0.08579984	0.07612371892007799	0.10315802180449056	0.1283754817854789	0.15219023645199076	0.22468296864107357	0.14991300392861792	0.1347239509795187	0.13037521158421933	0.2211517992442214	0.1337729051793739	0.15067822472757952	0.03434884888277394	0.07958750293872105	0.02130169639446465	0.13283576677091527	0.20272737652851214	0.17694922100637767	0.2751511878935816	0.13309572619757926	0.2169771596033533	0.13183454353516907	0.1635104936841897	0.16909653439482625	0.2835808104525184	0.17483915823995175	0.13255913087912277	0.1826470334444121	0.22707724013885897	0.124710101352237	0.14713211825748726	0.057176321918199886	0.08305355522993127	0.17014433254424197	0.08610747289577489	0.6376955030006978
XPA	0.22963187	0.30002895	0.13499272	0.11298429	0.23339674	0.18176301	0.19171938	0.20042841	0.33436722	0.32248086	0.22724883	0.2949313	0.07767428	0.31680107	0.21971335	0.78772455	0.25908884	0.17701186	0.18195537	0.2601889	0.3330111	0.33563524	0.34619087	0.17558305	0.1257102759463875	0.36775752508477083	0.35597882552926324	0.25699348557534185	0.4009361509711274	0.1961114848328177	0.2840068901651508	0.20928561633983558	0.2809863443928048	0.21069664049054826	0.2340673149806309	0.28038720885914287	0.23321518023763574	0.23836492153224098	0.20156493824113395	0.21922632197642522	0.22440967601446749	0.36247389457117235	0.28386508497324275	0.28242930628894775	0.32035179620430465	0.30171770043637597	0.24075755782995664	0.19141454698487476	0.29563281676582964	0.268697235780153	0.21309812805424602	0.43977641378130233	0.30576417493310204	0.46476445170555714	0.3004468202724129	0.387174948672011	0.35998165599368714	0.2024149038241456	0.2531999760996557
YBEY	0.23257145	0.23266554	0.08855976	0.16655973	0.18306914	0.2286313	0.12786427	0.16428544	0.23448333	0.35318926	0.1660666	0.26264486	0.25265422	0.12639134	0.23352961	1.5154978	0.11769842	0.20774977	0.23668036	0.22428837	0.30428272	0.3224337	0.2184227	0.13240503	0.1823075026871829	0.21227037853480082	0.15661289309205625	0.2740444510611697	0.17612929079340156	0.211095624551603	0.16989276721365112	0.20735676224914307	0.21939618265771554	0.24284573723569577	0.24768423691549898	0.41141503700901927	0.2167373637181403	0.22367815994864026	0.17534849807706665	0.12183204885960186	0.15019489349548623	0.20671411059442646	0.32330851192286514	0.2585331381011352	0.2052560033637425	0.13110212226952822	0.21814006033174826	0.3123025932038188	0.22270255260548183	0.26530408786132487	0.1727678200375836	0.27469451713871645	0.2726996347249086	0.2996347959627659	0.41892612184484473	0.26629332197870964	0.2725955438584812	0.31199566736085715	0.04472521134076629
YEATS4	0.15259016	0.1504469	0.353799	0.14779489	0.23901516	0.46259776	0.50664127	0.40055585	0.8829051	0.4905851	0.23904365	0.1126785	0.35466772	0.48084185	0.16827203	0.07798381	0.11328607	0.20536177	0.16171776	0.18357131	0.32301718	0.22303982	0.38610202	0.17952704	0.132521407389991	0.24166796951401906	0.1591001882795229	0.12251616185625161	0.1328888217005603	0.15194890201794664	0.41377026641848264	0.3020557151180752	1.1219589123589968	0.7308134217734062	1.0317984921352037	0.3533484361844041	0.43503050569247265	0.12376361574445452	0.2561557089322095	0.12751416496897658	0.12076600443974667	0.08048939132703	0.16254030719400892	0.5118787830096406	0.25008160115615913	0.12874686966745075	0.11094365689533806	0.18683198859580927	0.18539893046002054	0.1747082144755972	0.1402120041693962	0.7935105472416073	0.24771080015753286	0.24492608158063842	0.20839681918848194	0.28447927223020014	0.15370619365439642	0.266950884956859	1.0789253905676688
YIF1B	0.3420085	0.22685273	0.6489788	0.44558486	0.66848755	0.82311726	0.5563563	0.82223874	0.60549295	0.4713056	0.58294976	0.4928397	0.30589402	0.9100364	0.6844442	0.72272515	0.28922212	0.5495845	1.1623237	0.56173027	0.34840396	0.37502685	0.40243277	0.13553882	0.2021608217397315	0.1033538301969372	1.01904149050862	0.1718850815410936	0.295128957718827	0.2605575192910867	0.5250396798511774	0.5585649049384199	0.803116965896569	0.4895522960584433	0.2673466367959636	0.5956567565592235	0.5742571161646024	0.20972681350895922	0.6923353634388387	0.24775803631468782	0.2581334284106674	0.7423554179341174	0.5595324776674575	0.9935234186016855	0.39412598707785873	0.9187098895336154	0.5499296737078694	0.6629988389301017	0.5134984869670067	0.5694879537874926	0.6651803596454419	0.7505878491835161	0.23679288100371285	0.42270986243054487	0.3710537756047863	0.46866962444790555	0.16686835572546685	0.4615727691728156	0.44965412898494467
ZBTB18	0.22808778	0.05001032	0.0347912	0.02209719	0.101069316	0.07173792	0.03991946	0.05447366	0.04242089	0.24832372	0.11563515	0.17892307	0.005649184	0.19284183	0.11113143	0.05028806	0.043620482	0.06253378	0.046802513	0.08096261	0.06849205	0.19727275	0.059000146	2.1862583	0.09895717226510166	0.29060831831563316	0.17448003550378713	0.03609484232508314	0.015926409837758483	0.03511781770549835	0.0783538854312847	0.06437019638047156	0.01779261662050615	0.04346956656558155	0.03725908073245882	0.12199457861513763	0.0995540208094304	0.23152593109995273	0.07640118538396892	0.21584592520809298	0.26484631387284036	0.10525682652868887	0.1402241185512199	0.08791740795808153	0.1332882000037596	0.03785922812223429	0.08938859131228072	0.14580420186238935	0.11441999978500934	0.06135082926733428	0.04824593602569529	0.08076041596276419	0.07219598711283111	0.056029227916158705	0.1700967985047706	0.14412360902222895	0.11055417664297369	0.054936109746597836	0.0
ZGLP1	0.0075466605	0.004169687	0.0072694705	0.0068275873	0.007975013	0.10262407	0.1004132	0.075743064	0.0059040063	0.006465327	0.046225596	0.010437274	0.006295105	0.05027046	0.08431148	0.0070716417	0.03266476	0.10896387	0.31705523	0.101353385	0.0066955783	0.012562257	0.032380164	0.0	0.019593873783865078	0.010574525159501979	0.003077009204277129	0.009077844797151954	0.0021946307632230945	0.010275272133740734	0.07828969770742397	0.09338617766645667	0.007710374169871405	0.017269266948655552	0.0	0.005066676070503749	0.009136508385637973	0.002798652597542467	0.07431816266322419	0.05231404534443919	0.019154533288168338	0.0069520268399886915	0.010816710643573412	0.1353362150925562	0.04853049842913281	0.05112403553143163	0.11477584267876459	0.033810111783606406	0.06699548159437721	0.13160920662080977	0.11247632110126933	0.0	0.00646727611605374	0.003548459873824318	0.008642271464778344	0.012274177117965591	0.00979661961338557	0.0237846395927394	0.0
ZMYND10	0.011253632	0.0027896937	0.0025299396	0.42308614	0.037371412	0.010042947	0.015745055	0.010513534	0.015338698	0.0028631012	0.0006794326	0.0055418476	0.0545893	0.006494709	0.0014017441	0.0014111394	0.0	8.770268e-05	0.00095534173	0.0009859505	0.008406477	0.004251435	0.0045813243	0.0026313683	0.00033345787486475795	0.0011584460112650668	0.0	0.009682905842642501	0.0027469987747464875	0.0	0.011813754814060155	0.003737020516587842	0.012520761327300052	0.020143077211433574	0.015467573522791073	0.0045746686489528555	0.008189138556413634	0.011582113229876081	0.001417758026107363	0.0009606718037681535	0.0027134053892319543	0.012025357069079475	0.002516807727049942	0.0016705986392291294	0.0002195021956209924	0.004716091258551484	0.0030179084177679085	0.004906860584951151	0.0011666468377056582	0.0011007434638978428	0.0006928970758829302	0.0	0.012333962296568156	0.003596176615685016	0.005887887230185745	0.0025830067882016924	0.023810308680500217	0.0024265946082039566	0.0
ZNF138	0.154526	0.048834424	0.030355163	0.043983202	0.16596109	0.06850199	0.050128438	0.18646891	0.12506615	0.19867726	0.039666314	0.08996213	1.2288865	0.076427296	0.029775111	0.0664794	0.02717781	0.034437485	0.03843625	0.052651297	0.10718028	0.10932163	0.09747802	0.031299114	0.06354820176157068	0.1992503742328313	0.12863884735901962	0.036555869341505016	0.07059896157257071	0.03451981367579268	0.05067857165041412	0.054279887847067186	0.1498733273757676	0.10818119037936154	0.15002568472389208	0.06343522012996702	0.5364649308403794	0.12427149899487425	0.06306796153756222	0.05720292797027764	0.13958953608559607	0.08532186449765829	0.08201737587133273	0.09824988979557989	0.04761553591417543	0.12400149458614743	0.018318351552010673	0.058218849539335996	0.08031305209298482	0.04161868251431336	0.029825661340636307	0.0348285300391061	0.11616146056303578	0.14442392418687505	0.12118549406886843	0.09289805588008383	0.09138203660558501	0.07856286174519803	0.10958264907819941
ZNF429	0.06107802	0.08268864	0.046108887	0.066889614	0.10528676	0.041926056	0.6137489	0.044489864	0.049361624	0.08852995	0.0581515	0.07313363	0.010374174	0.032405466	0.06409286	0.046274543	0.15812002	0.04288756	0.03501334	0.044233974	0.089901485	0.07836127	0.07933736	0.0062846765	0.044355189745769255	0.08090716639878151	0.09412414683218506	0.09605907309784248	0.12589051457224154	0.04977315179801704	0.08189203979203002	0.022360311349558418	0.09755366823003044	0.024384183326196195	0.019605327702984093	0.030903992777380797	0.03781763730161818	0.04102052902353221	0.09557039716041835	0.029687450814314235	0.09329413339364445	0.08444595294043612	0.05636691869883314	0.052670379809410015	0.030332036230845603	0.059000609535575836	0.037853757442676286	0.08574438588675404	0.05835236774419522	0.042429643092191445	0.03763595218079475	0.09090417097141217	0.05768528936083119	0.22649838839849698	0.055328158006158125	0.11179541143529274	0.13288938705300116	0.05957567632343696	0.018146943148746285
ZNF581	0.29710445	0.24640171	0.7407862	0.17080154	0.13130696	0.13249883	0.17480259	0.15359947	0.19170788	0.11082883	0.23458771	0.18823318	0.062354915	0.24751115	0.24316354	0.26563263	0.31332645	0.20608656	0.30097806	0.25655955	0.25735837	0.13623758	0.2586967	0.09363488	0.14308088843901792	0.4483202649133896	0.46192191091645546	0.19875199654259454	0.24945003591836953	0.22641757908988436	0.1618610961638947	0.1492380857207201	0.26731160911582014	0.1676051250586195	0.15750066515098976	0.13606367658766436	0.31772987994818624	0.1704546550224567	0.3368039421096158	0.2142063234639303	0.10440509481207214	0.30058456759260677	0.20974485443453422	0.3600967001819153	0.31055200681245365	0.4215082382004439	0.3663506438600465	0.23573049277989663	0.20857719387735407	0.29194828571237225	0.2813067457864829	0.2342854278428214	0.1560698630635319	0.42726657237592225	0.13589567351026327	0.17968232604256004	0.11583434031888298	0.2486592964585486	0.1931503835999567
ZNF706	1.8347142	1.4124922	4.621268	1.4405046	1.5533761	2.0294921	1.7315738	1.8235022	2.126423	2.02087	1.4203597	1.0915731	1.183525	1.8344328	1.9170702	2.446433	1.6916945	1.4255717	1.4638381	1.5229497	1.425843	2.2456183	1.4420745	2.1729612	1.4427928360553635	1.8312141134172835	2.460032078986462	1.2850207289173008	1.4987087251107278	1.3137137495549682	1.8104425378933269	1.9340867256628604	2.6036767554656093	1.9786673055957815	1.7893765434468676	2.320886753934429	3.772763796516952	1.9783267448688377	1.4441953180254534	1.791857043677953	1.0641474516260374	1.062336873427745	1.1754222156344105	2.1117829923187887	1.9174491766197836	1.2779242564799427	1.7314951670762535	1.9294391357785563	1.4484753566361406	1.5547942950244602	1.772764232604321	2.127801109908463	1.198275436955202	1.9654720415445575	1.79458105507645	2.506405557365	1.2890326284921116	1.4363304940425472	0.81306047517447
ZNF836	0.15821089	0.06586384	0.017694404	0.022693483	0.122635804	0.016059557	0.0037762925	0.023478556	0.12321868	0.018603165	0.043439966	0.08061668	0.057816297	0.024799483	0.040718205	0.03527112	0.46010324	0.031241113	0.024042044	0.03903359	0.07941496	0.034387548	0.045158137	0.12007499	0.043329222094406095	0.07935176640102119	0.05737480965876026	0.03705593885383983	0.08626239576838624	0.024916284837991697	0.03601395812658182	0.026921647537727786	0.11183991381076931	0.05912682027205974	0.14471165460007493	0.020369733394218128	0.023323251378768277	0.03163399972351901	0.022942341720680676	0.03578803089783707	0.07094245207996576	0.07980544452146018	0.04405837246878441	0.025803289827792522	0.017536044764401373	0.047767854147374805	0.040723499639133555	0.03375517949395557	0.043101014933199254	0.032366012785206844	0.04439729664379319	0.11407298004472412	0.06859776028529027	0.11473222191689192	0.039694744960000174	0.04430957984048352	0.08848704536991892	0.04311447461910265	0.004555854644428856
